/* This file contains the 7-bit matrix tuples for linear self-equivalences
*/

1
[0 0 0 0 0 0 1]
[1 0 0 0 0 0 0]
[0 1 0 0 0 0 0]
[0 0 1 0 0 0 0]
[0 0 0 1 0 0 0]
[0 0 0 0 1 0 0]
[0 0 0 0 0 1 0]


[0 0 0 0 0 0 1]
[1 0 0 0 0 0 0]
[0 1 0 0 0 0 0]
[0 0 1 0 0 0 0]
[0 0 0 1 0 0 0]
[0 0 0 0 1 0 0]
[0 0 0 0 0 1 0]


2
[0 0 0 0 0 0 1]
[1 0 0 0 0 0 0]
[0 1 0 0 0 0 0]
[0 0 1 0 0 0 0]
[0 0 0 1 0 0 0]
[0 0 0 0 1 0 0]
[0 0 0 0 0 1 0]


[0 0 1 0 0 0 0]
[1 0 1 0 0 0 0]
[0 1 0 0 0 0 0]
[0 0 0 0 0 0 1]
[0 0 0 1 0 0 0]
[0 0 0 0 1 0 1]
[0 0 0 0 0 1 1]


3
[0 0 0 0 0 0 1]
[1 0 0 0 0 0 0]
[0 1 0 0 0 0 0]
[0 0 1 0 0 0 0]
[0 0 0 1 0 0 0]
[0 0 0 0 1 0 0]
[0 0 0 0 0 1 0]


[1 0 0 0 0 0 0]
[0 1 0 0 0 0 0]
[0 0 1 0 0 0 0]
[0 0 0 0 0 0 1]
[0 0 0 1 0 0 0]
[0 0 0 0 1 0 1]
[0 0 0 0 0 1 1]


4
[0 0 0 0 0 0 1]
[1 0 0 0 0 0 0]
[0 1 0 0 0 0 1]
[0 0 1 0 0 0 1]
[0 0 0 1 0 0 1]
[0 0 0 0 1 0 1]
[0 0 0 0 0 1 1]


[0 0 0 0 0 0 1]
[1 0 0 0 0 0 1]
[0 1 0 0 0 0 0]
[0 0 1 0 0 0 0]
[0 0 0 1 0 0 0]
[0 0 0 0 1 0 0]
[0 0 0 0 0 1 0]


5
[0 0 0 0 0 0 1]
[1 0 0 0 0 0 0]
[0 1 0 0 0 0 1]
[0 0 1 0 0 0 1]
[0 0 0 1 0 0 1]
[0 0 0 0 1 0 1]
[0 0 0 0 0 1 1]


[0 0 0 0 0 0 1]
[1 0 0 0 0 0 0]
[0 1 0 0 0 0 0]
[0 0 1 0 0 0 1]
[0 0 0 1 0 0 0]
[0 0 0 0 1 0 0]
[0 0 0 0 0 1 0]


6
[0 0 0 0 0 0 1]
[1 0 0 0 0 0 0]
[0 1 0 0 0 0 1]
[0 0 1 0 0 0 1]
[0 0 0 1 0 0 1]
[0 0 0 0 1 0 1]
[0 0 0 0 0 1 1]


[0 0 0 0 0 0 1]
[1 0 0 0 0 0 1]
[0 1 0 0 0 0 1]
[0 0 1 0 0 0 1]
[0 0 0 1 0 0 0]
[0 0 0 0 1 0 0]
[0 0 0 0 0 1 0]


7
[0 0 0 0 0 0 1]
[1 0 0 0 0 0 0]
[0 1 0 0 0 0 1]
[0 0 1 0 0 0 1]
[0 0 0 1 0 0 1]
[0 0 0 0 1 0 1]
[0 0 0 0 0 1 1]


[0 0 0 0 0 0 1]
[1 0 0 0 0 0 0]
[0 1 0 0 0 0 0]
[0 0 1 0 0 0 0]
[0 0 0 1 0 0 1]
[0 0 0 0 1 0 0]
[0 0 0 0 0 1 0]


8
[0 0 0 0 0 0 1]
[1 0 0 0 0 0 0]
[0 1 0 0 0 0 1]
[0 0 1 0 0 0 1]
[0 0 0 1 0 0 1]
[0 0 0 0 1 0 1]
[0 0 0 0 0 1 1]


[0 0 0 0 0 0 1]
[1 0 0 0 0 0 0]
[0 1 0 0 0 0 1]
[0 0 1 0 0 0 1]
[0 0 0 1 0 0 1]
[0 0 0 0 1 0 0]
[0 0 0 0 0 1 0]


9
[0 0 0 0 0 0 1]
[1 0 0 0 0 0 0]
[0 1 0 0 0 0 1]
[0 0 1 0 0 0 1]
[0 0 0 1 0 0 1]
[0 0 0 0 1 0 1]
[0 0 0 0 0 1 1]


[0 0 0 0 0 0 1]
[1 0 0 0 0 0 1]
[0 1 0 0 0 0 1]
[0 0 1 0 0 0 0]
[0 0 0 1 0 0 0]
[0 0 0 0 1 0 1]
[0 0 0 0 0 1 0]


10
[0 0 0 0 0 0 1]
[1 0 0 0 0 0 0]
[0 1 0 0 0 0 1]
[0 0 1 0 0 0 1]
[0 0 0 1 0 0 1]
[0 0 0 0 1 0 1]
[0 0 0 0 0 1 1]


[0 0 0 0 0 0 1]
[1 0 0 0 0 0 1]
[0 1 0 0 0 0 0]
[0 0 1 0 0 0 1]
[0 0 0 1 0 0 0]
[0 0 0 0 1 0 1]
[0 0 0 0 0 1 0]


11
[0 0 0 0 0 0 1]
[1 0 0 0 0 0 0]
[0 1 0 0 0 0 1]
[0 0 1 0 0 0 1]
[0 0 0 1 0 0 1]
[0 0 0 0 1 0 1]
[0 0 0 0 0 1 1]


[0 0 0 0 0 0 1]
[1 0 0 0 0 0 0]
[0 1 0 0 0 0 0]
[0 0 1 0 0 0 1]
[0 0 0 1 0 0 1]
[0 0 0 0 1 0 1]
[0 0 0 0 0 1 0]


12
[0 0 0 0 0 0 1]
[1 0 0 0 0 0 0]
[0 1 0 0 0 0 1]
[0 0 1 0 0 0 1]
[0 0 0 1 0 0 1]
[0 0 0 0 1 0 1]
[0 0 0 0 0 1 1]


[0 0 0 0 0 0 1]
[1 0 0 0 0 0 1]
[0 1 0 0 0 0 1]
[0 0 1 0 0 0 1]
[0 0 0 1 0 0 1]
[0 0 0 0 1 0 1]
[0 0 0 0 0 1 0]


13
[0 0 0 0 0 0 1]
[1 0 0 0 0 0 0]
[0 1 0 0 0 0 1]
[0 0 1 0 0 0 1]
[0 0 0 1 0 0 1]
[0 0 0 0 1 0 1]
[0 0 0 0 0 1 1]


[0 0 0 0 0 0 1]
[1 0 0 0 0 0 0]
[0 1 0 0 0 0 0]
[0 0 1 0 0 0 0]
[0 0 0 1 0 0 0]
[0 0 0 0 1 0 0]
[0 0 0 0 0 1 1]


14
[0 0 0 0 0 0 1]
[1 0 0 0 0 0 0]
[0 1 0 0 0 0 1]
[0 0 1 0 0 0 1]
[0 0 0 1 0 0 1]
[0 0 0 0 1 0 1]
[0 0 0 0 0 1 1]


[0 0 0 0 0 0 1]
[1 0 0 0 0 0 1]
[0 1 0 0 0 0 0]
[0 0 1 0 0 0 1]
[0 0 0 1 0 0 0]
[0 0 0 0 1 0 0]
[0 0 0 0 0 1 1]


15
[0 0 0 0 0 0 1]
[1 0 0 0 0 0 0]
[0 1 0 0 0 0 1]
[0 0 1 0 0 0 1]
[0 0 0 1 0 0 1]
[0 0 0 0 1 0 1]
[0 0 0 0 0 1 1]


[0 0 0 0 0 0 1]
[1 0 0 0 0 0 1]
[0 1 0 0 0 0 0]
[0 0 1 0 0 0 0]
[0 0 0 1 0 0 1]
[0 0 0 0 1 0 0]
[0 0 0 0 0 1 1]


16
[0 0 0 0 0 0 1]
[1 0 0 0 0 0 0]
[0 1 0 0 0 0 1]
[0 0 1 0 0 0 1]
[0 0 0 1 0 0 1]
[0 0 0 0 1 0 1]
[0 0 0 0 0 1 1]


[0 0 0 0 0 0 1]
[1 0 0 0 0 0 0]
[0 1 0 0 0 0 1]
[0 0 1 0 0 0 0]
[0 0 0 1 0 0 1]
[0 0 0 0 1 0 0]
[0 0 0 0 0 1 1]


17
[0 0 0 0 0 0 1]
[1 0 0 0 0 0 0]
[0 1 0 0 0 0 1]
[0 0 1 0 0 0 1]
[0 0 0 1 0 0 1]
[0 0 0 0 1 0 1]
[0 0 0 0 0 1 1]


[0 0 0 0 0 0 1]
[1 0 0 0 0 0 0]
[0 1 0 0 0 0 1]
[0 0 1 0 0 0 0]
[0 0 0 1 0 0 0]
[0 0 0 0 1 0 1]
[0 0 0 0 0 1 1]


18
[0 0 0 0 0 0 1]
[1 0 0 0 0 0 0]
[0 1 0 0 0 0 1]
[0 0 1 0 0 0 1]
[0 0 0 1 0 0 1]
[0 0 0 0 1 0 1]
[0 0 0 0 0 1 1]


[0 0 0 0 0 0 1]
[1 0 0 0 0 0 1]
[0 1 0 0 0 0 1]
[0 0 1 0 0 0 1]
[0 0 0 1 0 0 0]
[0 0 0 0 1 0 1]
[0 0 0 0 0 1 1]


19
[0 0 0 0 0 0 1]
[1 0 0 0 0 0 0]
[0 1 0 0 0 0 1]
[0 0 1 0 0 0 1]
[0 0 0 1 0 0 1]
[0 0 0 0 1 0 1]
[0 0 0 0 0 1 1]


[0 0 0 0 0 0 1]
[1 0 0 0 0 0 0]
[0 1 0 0 0 0 0]
[0 0 1 0 0 0 0]
[0 0 0 1 0 0 1]
[0 0 0 0 1 0 1]
[0 0 0 0 0 1 1]


20
[0 0 0 0 0 0 1]
[1 0 0 0 0 0 0]
[0 1 0 0 0 0 1]
[0 0 1 0 0 0 1]
[0 0 0 1 0 0 1]
[0 0 0 0 1 0 1]
[0 0 0 0 0 1 1]


[0 0 0 0 0 0 1]
[1 0 0 0 0 0 1]
[0 1 0 0 0 0 1]
[0 0 1 0 0 0 0]
[0 0 0 1 0 0 1]
[0 0 0 0 1 0 1]
[0 0 0 0 0 1 1]


21
[0 0 0 0 0 0 1]
[1 0 0 0 0 0 0]
[0 1 0 0 0 0 1]
[0 0 1 0 0 0 1]
[0 0 0 1 0 0 1]
[0 0 0 0 1 0 1]
[0 0 0 0 0 1 1]


[0 0 0 0 0 0 1]
[1 0 0 0 0 0 0]
[0 1 0 0 0 0 1]
[0 0 1 0 0 0 1]
[0 0 0 1 0 0 1]
[0 0 0 0 1 0 1]
[0 0 0 0 0 1 1]


22
[1 0 0 0 0 0 0]
[0 0 0 0 0 0 1]
[0 1 0 0 0 0 1]
[0 0 1 0 0 0 0]
[0 0 0 1 0 0 1]
[0 0 0 0 1 0 1]
[0 0 0 0 0 1 1]


[1 0 0 0 0 0 0]
[0 0 0 0 0 0 1]
[0 1 0 0 0 0 1]
[0 0 1 0 0 0 1]
[0 0 0 1 0 0 0]
[0 0 0 0 1 0 0]
[0 0 0 0 0 1 0]


23
[1 0 0 0 0 0 0]
[0 0 0 0 0 0 1]
[0 1 0 0 0 0 1]
[0 0 1 0 0 0 0]
[0 0 0 1 0 0 1]
[0 0 0 0 1 0 1]
[0 0 0 0 0 1 1]


[1 0 0 0 0 0 0]
[0 0 0 0 0 0 1]
[0 1 0 0 0 0 0]
[0 0 1 0 0 0 1]
[0 0 0 1 0 0 1]
[0 0 0 0 1 0 0]
[0 0 0 0 0 1 0]


24
[1 0 0 0 0 0 0]
[0 0 0 0 0 0 1]
[0 1 0 0 0 0 1]
[0 0 1 0 0 0 0]
[0 0 0 1 0 0 1]
[0 0 0 0 1 0 1]
[0 0 0 0 0 1 1]


[1 0 0 0 0 0 0]
[0 0 0 0 0 0 1]
[0 1 0 0 0 0 0]
[0 0 1 0 0 0 0]
[0 0 0 1 0 0 1]
[0 0 0 0 1 0 1]
[0 0 0 0 0 1 0]


25
[1 0 0 0 0 0 0]
[0 0 0 0 0 0 1]
[0 1 0 0 0 0 1]
[0 0 1 0 0 0 0]
[0 0 0 1 0 0 1]
[0 0 0 0 1 0 1]
[0 0 0 0 0 1 1]


[1 0 0 0 0 0 0]
[0 0 0 0 0 0 1]
[0 1 0 0 0 0 1]
[0 0 1 0 0 0 1]
[0 0 0 1 0 0 1]
[0 0 0 0 1 0 0]
[0 0 0 0 0 1 1]


26
[1 0 0 0 0 0 0]
[0 0 0 0 0 0 1]
[0 1 0 0 0 0 1]
[0 0 1 0 0 0 0]
[0 0 0 1 0 0 1]
[0 0 0 0 1 0 1]
[0 0 0 0 0 1 1]


[1 0 0 0 0 0 0]
[0 0 0 0 0 0 1]
[0 1 0 0 0 0 0]
[0 0 1 0 0 0 0]
[0 0 0 1 0 0 0]
[0 0 0 0 1 0 1]
[0 0 0 0 0 1 1]


27
[1 0 0 0 0 0 0]
[0 0 0 0 0 0 1]
[0 1 0 0 0 0 1]
[0 0 1 0 0 0 0]
[0 0 0 1 0 0 1]
[0 0 0 0 1 0 1]
[0 0 0 0 0 1 1]


[1 0 0 0 0 0 0]
[0 0 0 0 0 0 1]
[0 1 0 0 0 0 1]
[0 0 1 0 0 0 0]
[0 0 0 1 0 0 1]
[0 0 0 0 1 0 1]
[0 0 0 0 0 1 1]


28
[1 0 0 0 0 0 0]
[0 1 0 0 0 0 0]
[0 0 0 0 0 0 1]
[0 0 1 0 0 0 0]
[0 0 0 1 0 0 0]
[0 0 0 0 1 0 0]
[0 0 0 0 0 1 0]


[1 0 0 0 0 0 0]
[0 1 0 0 0 0 0]
[0 0 0 0 0 0 1]
[0 0 1 0 0 0 0]
[0 0 0 1 0 0 0]
[0 0 0 0 1 0 0]
[0 0 0 0 0 1 0]


29
[0 0 1 0 0 0 0]
[1 0 1 0 0 0 0]
[0 1 0 0 0 0 0]
[0 0 0 0 0 0 1]
[0 0 0 1 0 0 0]
[0 0 0 0 1 0 1]
[0 0 0 0 0 1 1]


[0 0 0 0 0 0 1]
[1 0 0 0 0 0 0]
[0 1 0 0 0 0 0]
[0 0 1 0 0 0 0]
[0 0 0 1 0 0 0]
[0 0 0 0 1 0 0]
[0 0 0 0 0 1 0]


30
[0 0 1 0 0 0 0]
[1 0 1 0 0 0 0]
[0 1 0 0 0 0 0]
[0 0 0 0 0 0 1]
[0 0 0 1 0 0 0]
[0 0 0 0 1 0 1]
[0 0 0 0 0 1 1]


[0 0 1 0 0 0 0]
[1 0 0 0 0 0 0]
[0 1 1 0 0 0 0]
[0 0 0 0 0 0 1]
[0 0 0 1 0 0 1]
[0 0 0 0 1 0 1]
[0 0 0 0 0 1 0]


31
[0 0 1 0 0 0 0]
[1 0 1 0 0 0 0]
[0 1 0 0 0 0 0]
[0 0 0 0 0 0 1]
[0 0 0 1 0 0 0]
[0 0 0 0 1 0 1]
[0 0 0 0 0 1 1]


[0 0 1 0 0 0 0]
[1 0 1 0 0 0 0]
[0 1 0 0 0 0 0]
[0 0 0 0 0 0 1]
[0 0 0 1 0 0 0]
[0 0 0 0 1 0 1]
[0 0 0 0 0 1 1]


32
[0 0 1 0 0 0 0]
[1 0 1 0 0 0 0]
[0 1 0 0 0 0 0]
[0 0 0 0 0 0 1]
[0 0 0 1 0 0 0]
[0 0 0 0 1 0 1]
[0 0 0 0 0 1 1]


[1 0 0 0 0 0 0]
[0 1 0 0 0 0 0]
[0 0 1 0 0 0 0]
[0 0 0 0 0 0 1]
[0 0 0 1 0 0 1]
[0 0 0 0 1 0 1]
[0 0 0 0 0 1 0]


33
[0 0 1 0 0 0 0]
[1 0 1 0 0 0 0]
[0 1 0 0 0 0 0]
[0 0 0 0 0 0 1]
[0 0 0 1 0 0 0]
[0 0 0 0 1 0 1]
[0 0 0 0 0 1 1]


[1 0 0 0 0 0 0]
[0 1 0 0 0 0 0]
[0 0 1 0 0 0 0]
[0 0 0 0 0 0 1]
[0 0 0 1 0 0 0]
[0 0 0 0 1 0 1]
[0 0 0 0 0 1 1]


34
[1 0 0 0 0 0 0]
[0 1 0 0 0 0 0]
[0 0 1 0 0 0 0]
[0 0 0 0 0 0 1]
[0 0 0 1 0 0 0]
[0 0 0 0 1 0 1]
[0 0 0 0 0 1 1]


[0 0 0 0 0 0 1]
[1 0 0 0 0 0 0]
[0 1 0 0 0 0 0]
[0 0 1 0 0 0 0]
[0 0 0 1 0 0 0]
[0 0 0 0 1 0 0]
[0 0 0 0 0 1 0]


35
[1 0 0 0 0 0 0]
[0 1 0 0 0 0 0]
[0 0 1 0 0 0 0]
[0 0 0 0 0 0 1]
[0 0 0 1 0 0 0]
[0 0 0 0 1 0 1]
[0 0 0 0 0 1 1]


[0 0 1 0 0 0 0]
[1 0 0 0 0 0 0]
[0 1 1 0 0 0 0]
[0 0 0 0 0 0 1]
[0 0 0 1 0 0 1]
[0 0 0 0 1 0 1]
[0 0 0 0 0 1 0]


36
[1 0 0 0 0 0 0]
[0 1 0 0 0 0 0]
[0 0 1 0 0 0 0]
[0 0 0 0 0 0 1]
[0 0 0 1 0 0 0]
[0 0 0 0 1 0 1]
[0 0 0 0 0 1 1]


[0 0 1 0 0 0 0]
[1 0 1 0 0 0 0]
[0 1 0 0 0 0 0]
[0 0 0 0 0 0 1]
[0 0 0 1 0 0 0]
[0 0 0 0 1 0 1]
[0 0 0 0 0 1 1]


37
[1 0 0 0 0 0 0]
[0 1 0 0 0 0 0]
[0 0 1 0 0 0 0]
[0 0 0 0 0 0 1]
[0 0 0 1 0 0 0]
[0 0 0 0 1 0 1]
[0 0 0 0 0 1 1]


[1 0 0 0 0 0 0]
[0 1 0 0 0 0 0]
[0 0 1 0 0 0 0]
[0 0 0 0 0 0 1]
[0 0 0 1 0 0 1]
[0 0 0 0 1 0 1]
[0 0 0 0 0 1 0]


38
[1 0 0 0 0 0 0]
[0 1 0 0 0 0 0]
[0 0 1 0 0 0 0]
[0 0 0 0 0 0 1]
[0 0 0 1 0 0 0]
[0 0 0 0 1 0 1]
[0 0 0 0 0 1 1]


[1 0 0 0 0 0 0]
[0 1 0 0 0 0 0]
[0 0 1 0 0 0 0]
[0 0 0 0 0 0 1]
[0 0 0 1 0 0 0]
[0 0 0 0 1 0 1]
[0 0 0 0 0 1 1]


39
[1 0 0 0 0 0 0]
[0 0 0 1 0 0 0]
[0 1 0 0 0 0 0]
[0 0 1 0 0 0 0]
[0 0 0 0 0 0 1]
[0 0 0 0 1 0 0]
[0 0 0 0 0 1 0]


[1 0 0 0 0 0 0]
[0 0 0 1 0 0 0]
[0 1 0 0 0 0 0]
[0 0 1 0 0 0 0]
[0 0 0 0 0 0 1]
[0 0 0 0 1 0 0]
[0 0 0 0 0 1 0]


40
[1 0 0 0 0 0 0]
[0 0 0 1 0 0 0]
[0 1 0 0 0 0 0]
[0 0 1 0 0 0 0]
[0 0 0 0 0 0 1]
[0 0 0 0 1 0 0]
[0 0 0 0 0 1 0]


[0 1 0 0 0 0 0]
[1 1 0 0 0 0 0]
[0 0 0 1 0 0 0]
[0 0 1 1 0 0 0]
[0 0 0 0 0 0 1]
[0 0 0 0 1 0 0]
[0 0 0 0 0 1 0]


41
[1 0 0 0 0 0 0]
[0 0 0 1 0 0 0]
[0 1 0 0 0 0 0]
[0 0 1 0 0 0 0]
[0 0 0 0 0 0 1]
[0 0 0 0 1 0 0]
[0 0 0 0 0 1 0]


[1 0 0 0 0 0 0]
[0 1 0 0 0 0 0]
[0 0 1 0 0 0 0]
[0 0 0 1 0 0 0]
[0 0 0 0 0 0 1]
[0 0 0 0 1 0 0]
[0 0 0 0 0 1 0]


42
[0 1 0 0 0 0 0]
[1 1 0 0 0 0 0]
[0 0 0 1 0 0 0]
[0 0 1 1 0 0 0]
[0 0 0 0 0 0 1]
[0 0 0 0 1 0 0]
[0 0 0 0 0 1 0]


[1 0 0 0 0 0 0]
[0 0 0 1 0 0 0]
[0 1 0 0 0 0 0]
[0 0 1 0 0 0 0]
[0 0 0 0 0 0 1]
[0 0 0 0 1 0 0]
[0 0 0 0 0 1 0]


43
[0 1 0 0 0 0 0]
[1 1 0 0 0 0 0]
[0 0 0 1 0 0 0]
[0 0 1 1 0 0 0]
[0 0 0 0 0 0 1]
[0 0 0 0 1 0 0]
[0 0 0 0 0 1 0]


[0 1 0 0 0 0 0]
[1 1 0 0 0 0 0]
[0 0 0 1 0 0 0]
[0 0 1 1 0 0 0]
[0 0 0 0 0 0 1]
[0 0 0 0 1 0 0]
[0 0 0 0 0 1 0]


44
[0 1 0 0 0 0 0]
[1 1 0 0 0 0 0]
[0 0 0 1 0 0 0]
[0 0 1 1 0 0 0]
[0 0 0 0 0 0 1]
[0 0 0 0 1 0 0]
[0 0 0 0 0 1 0]


[1 0 0 0 0 0 0]
[0 1 0 0 0 0 0]
[0 0 1 0 0 0 0]
[0 0 0 1 0 0 0]
[0 0 0 0 0 0 1]
[0 0 0 0 1 0 0]
[0 0 0 0 0 1 0]


45
[1 0 0 0 0 0 0]
[0 1 0 0 0 0 0]
[0 0 1 0 0 0 0]
[0 0 0 1 0 0 0]
[0 0 0 0 0 0 1]
[0 0 0 0 1 0 0]
[0 0 0 0 0 1 0]


[1 0 0 0 0 0 0]
[0 0 0 1 0 0 0]
[0 1 0 0 0 0 0]
[0 0 1 0 0 0 0]
[0 0 0 0 0 0 1]
[0 0 0 0 1 0 0]
[0 0 0 0 0 1 0]


46
[1 0 0 0 0 0 0]
[0 1 0 0 0 0 0]
[0 0 1 0 0 0 0]
[0 0 0 1 0 0 0]
[0 0 0 0 0 0 1]
[0 0 0 0 1 0 0]
[0 0 0 0 0 1 0]


[0 1 0 0 0 0 0]
[1 1 0 0 0 0 0]
[0 0 0 1 0 0 0]
[0 0 1 1 0 0 0]
[0 0 0 0 0 0 1]
[0 0 0 0 1 0 0]
[0 0 0 0 0 1 0]


47
[1 0 0 0 0 0 0]
[0 1 0 0 0 0 0]
[0 0 1 0 0 0 0]
[0 0 0 1 0 0 0]
[0 0 0 0 0 0 1]
[0 0 0 0 1 0 0]
[0 0 0 0 0 1 0]


[1 0 0 0 0 0 0]
[0 1 0 0 0 0 0]
[0 0 1 0 0 0 0]
[0 0 0 1 0 0 0]
[0 0 0 0 0 0 1]
[0 0 0 0 1 0 0]
[0 0 0 0 0 1 0]


48
[1 0 0 0 0 0 0]
[0 0 1 0 0 0 0]
[0 1 0 0 0 0 0]
[0 0 0 0 1 0 0]
[0 0 0 1 0 0 0]
[0 0 0 0 0 0 1]
[0 0 0 0 0 1 0]


[1 0 0 0 0 0 0]
[0 0 1 0 0 0 0]
[0 1 0 0 0 0 0]
[0 0 0 0 1 0 0]
[0 0 0 1 0 0 0]
[0 0 0 0 0 0 1]
[0 0 0 0 0 1 0]


49
[1 0 0 0 0 0 0]
[0 0 1 0 0 0 0]
[0 1 0 0 0 0 0]
[0 0 0 0 1 0 0]
[0 0 0 1 0 0 0]
[0 0 0 0 0 0 1]
[0 0 0 0 0 1 0]


[1 0 0 0 0 0 0]
[0 1 0 0 0 0 0]
[0 0 1 0 0 0 0]
[0 0 0 0 1 0 0]
[0 0 0 1 0 0 0]
[0 0 0 0 0 0 1]
[0 0 0 0 0 1 0]


50
[1 0 0 0 0 0 0]
[0 0 1 0 0 0 0]
[0 1 0 0 0 0 0]
[0 0 0 0 1 0 0]
[0 0 0 1 0 0 0]
[0 0 0 0 0 0 1]
[0 0 0 0 0 1 0]


[1 0 0 0 0 0 0]
[0 1 0 0 0 0 0]
[0 0 1 0 0 0 0]
[0 0 0 1 0 0 0]
[0 0 0 0 1 0 0]
[0 0 0 0 0 0 1]
[0 0 0 0 0 1 0]


51
[1 0 0 0 0 0 0]
[0 1 0 0 0 0 0]
[0 0 1 0 0 0 0]
[0 0 0 0 1 0 0]
[0 0 0 1 0 0 0]
[0 0 0 0 0 0 1]
[0 0 0 0 0 1 0]


[1 0 0 0 0 0 0]
[0 0 1 0 0 0 0]
[0 1 0 0 0 0 0]
[0 0 0 0 1 0 0]
[0 0 0 1 0 0 0]
[0 0 0 0 0 0 1]
[0 0 0 0 0 1 0]


52
[1 0 0 0 0 0 0]
[0 1 0 0 0 0 0]
[0 0 1 0 0 0 0]
[0 0 0 0 1 0 0]
[0 0 0 1 0 0 0]
[0 0 0 0 0 0 1]
[0 0 0 0 0 1 0]


[1 0 0 0 0 0 0]
[0 1 0 0 0 0 0]
[0 0 1 0 0 0 0]
[0 0 0 0 1 0 0]
[0 0 0 1 0 0 0]
[0 0 0 0 0 0 1]
[0 0 0 0 0 1 0]


53
[1 0 0 0 0 0 0]
[0 1 0 0 0 0 0]
[0 0 1 0 0 0 0]
[0 0 0 0 1 0 0]
[0 0 0 1 0 0 0]
[0 0 0 0 0 0 1]
[0 0 0 0 0 1 0]


[1 0 0 0 0 0 0]
[0 1 0 0 0 0 0]
[0 0 1 0 0 0 0]
[0 0 0 1 0 0 0]
[0 0 0 0 1 0 0]
[0 0 0 0 0 0 1]
[0 0 0 0 0 1 0]


54
[1 0 0 0 0 0 0]
[0 1 0 0 0 0 0]
[0 0 1 0 0 0 0]
[0 0 0 1 0 0 0]
[0 0 0 0 1 0 0]
[0 0 0 0 0 0 1]
[0 0 0 0 0 1 0]


[1 0 0 0 0 0 0]
[0 0 1 0 0 0 0]
[0 1 0 0 0 0 0]
[0 0 0 0 1 0 0]
[0 0 0 1 0 0 0]
[0 0 0 0 0 0 1]
[0 0 0 0 0 1 0]


55
[1 0 0 0 0 0 0]
[0 1 0 0 0 0 0]
[0 0 1 0 0 0 0]
[0 0 0 1 0 0 0]
[0 0 0 0 1 0 0]
[0 0 0 0 0 0 1]
[0 0 0 0 0 1 0]


[1 0 0 0 0 0 0]
[0 1 0 0 0 0 0]
[0 0 1 0 0 0 0]
[0 0 0 0 1 0 0]
[0 0 0 1 0 0 0]
[0 0 0 0 0 0 1]
[0 0 0 0 0 1 0]


56
[1 0 0 0 0 0 0]
[0 1 0 0 0 0 0]
[0 0 1 0 0 0 0]
[0 0 0 1 0 0 0]
[0 0 0 0 1 0 0]
[0 0 0 0 0 0 1]
[0 0 0 0 0 1 0]


[1 0 0 0 0 0 0]
[0 1 0 0 0 0 0]
[0 0 1 0 0 0 0]
[0 0 0 1 0 0 0]
[0 0 0 0 1 0 0]
[0 0 0 0 0 0 1]
[0 0 0 0 0 1 0]


57
[1 0 0 0 0 0 0]
[0 1 0 0 0 0 0]
[0 0 1 0 0 0 0]
[0 0 0 1 0 0 0]
[0 0 0 0 1 0 0]
[0 0 0 0 0 1 0]
[0 0 0 0 0 0 1]


[0 0 0 0 0 0 1]
[1 0 0 0 0 0 0]
[0 1 0 0 0 0 0]
[0 0 1 0 0 0 0]
[0 0 0 1 0 0 0]
[0 0 0 0 1 0 0]
[0 0 0 0 0 1 0]


58
[1 0 0 0 0 0 0]
[0 1 0 0 0 0 0]
[0 0 1 0 0 0 0]
[0 0 0 1 0 0 0]
[0 0 0 0 1 0 0]
[0 0 0 0 0 1 0]
[0 0 0 0 0 0 1]


[0 0 0 0 0 0 1]
[1 0 0 0 0 0 1]
[0 1 0 0 0 0 0]
[0 0 1 0 0 0 0]
[0 0 0 1 0 0 0]
[0 0 0 0 1 0 0]
[0 0 0 0 0 1 0]


59
[1 0 0 0 0 0 0]
[0 1 0 0 0 0 0]
[0 0 1 0 0 0 0]
[0 0 0 1 0 0 0]
[0 0 0 0 1 0 0]
[0 0 0 0 0 1 0]
[0 0 0 0 0 0 1]


[0 0 0 0 0 0 1]
[1 0 0 0 0 0 0]
[0 1 0 0 0 0 0]
[0 0 1 0 0 0 1]
[0 0 0 1 0 0 0]
[0 0 0 0 1 0 0]
[0 0 0 0 0 1 0]


60
[1 0 0 0 0 0 0]
[0 1 0 0 0 0 0]
[0 0 1 0 0 0 0]
[0 0 0 1 0 0 0]
[0 0 0 0 1 0 0]
[0 0 0 0 0 1 0]
[0 0 0 0 0 0 1]


[0 0 0 0 0 0 1]
[1 0 0 0 0 0 1]
[0 1 0 0 0 0 1]
[0 0 1 0 0 0 1]
[0 0 0 1 0 0 0]
[0 0 0 0 1 0 0]
[0 0 0 0 0 1 0]


61
[1 0 0 0 0 0 0]
[0 1 0 0 0 0 0]
[0 0 1 0 0 0 0]
[0 0 0 1 0 0 0]
[0 0 0 0 1 0 0]
[0 0 0 0 0 1 0]
[0 0 0 0 0 0 1]


[0 0 0 0 0 0 1]
[1 0 0 0 0 0 0]
[0 1 0 0 0 0 0]
[0 0 1 0 0 0 0]
[0 0 0 1 0 0 1]
[0 0 0 0 1 0 0]
[0 0 0 0 0 1 0]


62
[1 0 0 0 0 0 0]
[0 1 0 0 0 0 0]
[0 0 1 0 0 0 0]
[0 0 0 1 0 0 0]
[0 0 0 0 1 0 0]
[0 0 0 0 0 1 0]
[0 0 0 0 0 0 1]


[0 0 0 0 0 0 1]
[1 0 0 0 0 0 0]
[0 1 0 0 0 0 1]
[0 0 1 0 0 0 1]
[0 0 0 1 0 0 1]
[0 0 0 0 1 0 0]
[0 0 0 0 0 1 0]


63
[1 0 0 0 0 0 0]
[0 1 0 0 0 0 0]
[0 0 1 0 0 0 0]
[0 0 0 1 0 0 0]
[0 0 0 0 1 0 0]
[0 0 0 0 0 1 0]
[0 0 0 0 0 0 1]


[0 0 0 0 0 0 1]
[1 0 0 0 0 0 1]
[0 1 0 0 0 0 1]
[0 0 1 0 0 0 0]
[0 0 0 1 0 0 0]
[0 0 0 0 1 0 1]
[0 0 0 0 0 1 0]


64
[1 0 0 0 0 0 0]
[0 1 0 0 0 0 0]
[0 0 1 0 0 0 0]
[0 0 0 1 0 0 0]
[0 0 0 0 1 0 0]
[0 0 0 0 0 1 0]
[0 0 0 0 0 0 1]


[0 0 0 0 0 0 1]
[1 0 0 0 0 0 1]
[0 1 0 0 0 0 0]
[0 0 1 0 0 0 1]
[0 0 0 1 0 0 0]
[0 0 0 0 1 0 1]
[0 0 0 0 0 1 0]


65
[1 0 0 0 0 0 0]
[0 1 0 0 0 0 0]
[0 0 1 0 0 0 0]
[0 0 0 1 0 0 0]
[0 0 0 0 1 0 0]
[0 0 0 0 0 1 0]
[0 0 0 0 0 0 1]


[0 0 0 0 0 0 1]
[1 0 0 0 0 0 0]
[0 1 0 0 0 0 0]
[0 0 1 0 0 0 1]
[0 0 0 1 0 0 1]
[0 0 0 0 1 0 1]
[0 0 0 0 0 1 0]


66
[1 0 0 0 0 0 0]
[0 1 0 0 0 0 0]
[0 0 1 0 0 0 0]
[0 0 0 1 0 0 0]
[0 0 0 0 1 0 0]
[0 0 0 0 0 1 0]
[0 0 0 0 0 0 1]


[0 0 0 0 0 0 1]
[1 0 0 0 0 0 1]
[0 1 0 0 0 0 1]
[0 0 1 0 0 0 1]
[0 0 0 1 0 0 1]
[0 0 0 0 1 0 1]
[0 0 0 0 0 1 0]


67
[1 0 0 0 0 0 0]
[0 1 0 0 0 0 0]
[0 0 1 0 0 0 0]
[0 0 0 1 0 0 0]
[0 0 0 0 1 0 0]
[0 0 0 0 0 1 0]
[0 0 0 0 0 0 1]


[0 0 0 0 0 0 1]
[1 0 0 0 0 0 0]
[0 1 0 0 0 0 0]
[0 0 1 0 0 0 0]
[0 0 0 1 0 0 0]
[0 0 0 0 1 0 0]
[0 0 0 0 0 1 1]


68
[1 0 0 0 0 0 0]
[0 1 0 0 0 0 0]
[0 0 1 0 0 0 0]
[0 0 0 1 0 0 0]
[0 0 0 0 1 0 0]
[0 0 0 0 0 1 0]
[0 0 0 0 0 0 1]


[0 0 0 0 0 0 1]
[1 0 0 0 0 0 1]
[0 1 0 0 0 0 0]
[0 0 1 0 0 0 1]
[0 0 0 1 0 0 0]
[0 0 0 0 1 0 0]
[0 0 0 0 0 1 1]


69
[1 0 0 0 0 0 0]
[0 1 0 0 0 0 0]
[0 0 1 0 0 0 0]
[0 0 0 1 0 0 0]
[0 0 0 0 1 0 0]
[0 0 0 0 0 1 0]
[0 0 0 0 0 0 1]


[0 0 0 0 0 0 1]
[1 0 0 0 0 0 1]
[0 1 0 0 0 0 0]
[0 0 1 0 0 0 0]
[0 0 0 1 0 0 1]
[0 0 0 0 1 0 0]
[0 0 0 0 0 1 1]


70
[1 0 0 0 0 0 0]
[0 1 0 0 0 0 0]
[0 0 1 0 0 0 0]
[0 0 0 1 0 0 0]
[0 0 0 0 1 0 0]
[0 0 0 0 0 1 0]
[0 0 0 0 0 0 1]


[0 0 0 0 0 0 1]
[1 0 0 0 0 0 0]
[0 1 0 0 0 0 1]
[0 0 1 0 0 0 0]
[0 0 0 1 0 0 1]
[0 0 0 0 1 0 0]
[0 0 0 0 0 1 1]


71
[1 0 0 0 0 0 0]
[0 1 0 0 0 0 0]
[0 0 1 0 0 0 0]
[0 0 0 1 0 0 0]
[0 0 0 0 1 0 0]
[0 0 0 0 0 1 0]
[0 0 0 0 0 0 1]


[0 0 0 0 0 0 1]
[1 0 0 0 0 0 0]
[0 1 0 0 0 0 1]
[0 0 1 0 0 0 0]
[0 0 0 1 0 0 0]
[0 0 0 0 1 0 1]
[0 0 0 0 0 1 1]


72
[1 0 0 0 0 0 0]
[0 1 0 0 0 0 0]
[0 0 1 0 0 0 0]
[0 0 0 1 0 0 0]
[0 0 0 0 1 0 0]
[0 0 0 0 0 1 0]
[0 0 0 0 0 0 1]


[0 0 0 0 0 0 1]
[1 0 0 0 0 0 1]
[0 1 0 0 0 0 1]
[0 0 1 0 0 0 1]
[0 0 0 1 0 0 0]
[0 0 0 0 1 0 1]
[0 0 0 0 0 1 1]


73
[1 0 0 0 0 0 0]
[0 1 0 0 0 0 0]
[0 0 1 0 0 0 0]
[0 0 0 1 0 0 0]
[0 0 0 0 1 0 0]
[0 0 0 0 0 1 0]
[0 0 0 0 0 0 1]


[0 0 0 0 0 0 1]
[1 0 0 0 0 0 0]
[0 1 0 0 0 0 0]
[0 0 1 0 0 0 0]
[0 0 0 1 0 0 1]
[0 0 0 0 1 0 1]
[0 0 0 0 0 1 1]


74
[1 0 0 0 0 0 0]
[0 1 0 0 0 0 0]
[0 0 1 0 0 0 0]
[0 0 0 1 0 0 0]
[0 0 0 0 1 0 0]
[0 0 0 0 0 1 0]
[0 0 0 0 0 0 1]


[0 0 0 0 0 0 1]
[1 0 0 0 0 0 1]
[0 1 0 0 0 0 1]
[0 0 1 0 0 0 0]
[0 0 0 1 0 0 1]
[0 0 0 0 1 0 1]
[0 0 0 0 0 1 1]


75
[1 0 0 0 0 0 0]
[0 1 0 0 0 0 0]
[0 0 1 0 0 0 0]
[0 0 0 1 0 0 0]
[0 0 0 0 1 0 0]
[0 0 0 0 0 1 0]
[0 0 0 0 0 0 1]


[0 0 0 0 0 0 1]
[1 0 0 0 0 0 0]
[0 1 0 0 0 0 1]
[0 0 1 0 0 0 1]
[0 0 0 1 0 0 1]
[0 0 0 0 1 0 1]
[0 0 0 0 0 1 1]


76
[1 0 0 0 0 0 0]
[0 1 0 0 0 0 0]
[0 0 1 0 0 0 0]
[0 0 0 1 0 0 0]
[0 0 0 0 1 0 0]
[0 0 0 0 0 1 0]
[0 0 0 0 0 0 1]


[1 0 0 0 0 0 0]
[0 0 0 0 0 0 1]
[0 1 0 0 0 0 1]
[0 0 1 0 0 0 1]
[0 0 0 1 0 0 0]
[0 0 0 0 1 0 0]
[0 0 0 0 0 1 0]


77
[1 0 0 0 0 0 0]
[0 1 0 0 0 0 0]
[0 0 1 0 0 0 0]
[0 0 0 1 0 0 0]
[0 0 0 0 1 0 0]
[0 0 0 0 0 1 0]
[0 0 0 0 0 0 1]


[1 0 0 0 0 0 0]
[0 0 0 0 0 0 1]
[0 1 0 0 0 0 0]
[0 0 1 0 0 0 1]
[0 0 0 1 0 0 1]
[0 0 0 0 1 0 0]
[0 0 0 0 0 1 0]


78
[1 0 0 0 0 0 0]
[0 1 0 0 0 0 0]
[0 0 1 0 0 0 0]
[0 0 0 1 0 0 0]
[0 0 0 0 1 0 0]
[0 0 0 0 0 1 0]
[0 0 0 0 0 0 1]


[1 0 0 0 0 0 0]
[0 0 0 0 0 0 1]
[0 1 0 0 0 0 0]
[0 0 1 0 0 0 0]
[0 0 0 1 0 0 1]
[0 0 0 0 1 0 1]
[0 0 0 0 0 1 0]


79
[1 0 0 0 0 0 0]
[0 1 0 0 0 0 0]
[0 0 1 0 0 0 0]
[0 0 0 1 0 0 0]
[0 0 0 0 1 0 0]
[0 0 0 0 0 1 0]
[0 0 0 0 0 0 1]


[1 0 0 0 0 0 0]
[0 0 0 0 0 0 1]
[0 1 0 0 0 0 1]
[0 0 1 0 0 0 1]
[0 0 0 1 0 0 1]
[0 0 0 0 1 0 0]
[0 0 0 0 0 1 1]


80
[1 0 0 0 0 0 0]
[0 1 0 0 0 0 0]
[0 0 1 0 0 0 0]
[0 0 0 1 0 0 0]
[0 0 0 0 1 0 0]
[0 0 0 0 0 1 0]
[0 0 0 0 0 0 1]


[1 0 0 0 0 0 0]
[0 0 0 0 0 0 1]
[0 1 0 0 0 0 0]
[0 0 1 0 0 0 0]
[0 0 0 1 0 0 0]
[0 0 0 0 1 0 1]
[0 0 0 0 0 1 1]


81
[1 0 0 0 0 0 0]
[0 1 0 0 0 0 0]
[0 0 1 0 0 0 0]
[0 0 0 1 0 0 0]
[0 0 0 0 1 0 0]
[0 0 0 0 0 1 0]
[0 0 0 0 0 0 1]


[1 0 0 0 0 0 0]
[0 0 0 0 0 0 1]
[0 1 0 0 0 0 1]
[0 0 1 0 0 0 0]
[0 0 0 1 0 0 1]
[0 0 0 0 1 0 1]
[0 0 0 0 0 1 1]


82
[1 0 0 0 0 0 0]
[0 1 0 0 0 0 0]
[0 0 1 0 0 0 0]
[0 0 0 1 0 0 0]
[0 0 0 0 1 0 0]
[0 0 0 0 0 1 0]
[0 0 0 0 0 0 1]


[1 0 0 0 0 0 0]
[0 1 0 0 0 0 0]
[0 0 0 0 0 0 1]
[0 0 1 0 0 0 0]
[0 0 0 1 0 0 0]
[0 0 0 0 1 0 0]
[0 0 0 0 0 1 0]


83
[1 0 0 0 0 0 0]
[0 1 0 0 0 0 0]
[0 0 1 0 0 0 0]
[0 0 0 1 0 0 0]
[0 0 0 0 1 0 0]
[0 0 0 0 0 1 0]
[0 0 0 0 0 0 1]


[0 0 1 0 0 0 0]
[1 0 0 0 0 0 0]
[0 1 1 0 0 0 0]
[0 0 0 0 0 0 1]
[0 0 0 1 0 0 1]
[0 0 0 0 1 0 1]
[0 0 0 0 0 1 0]


84
[1 0 0 0 0 0 0]
[0 1 0 0 0 0 0]
[0 0 1 0 0 0 0]
[0 0 0 1 0 0 0]
[0 0 0 0 1 0 0]
[0 0 0 0 0 1 0]
[0 0 0 0 0 0 1]


[0 0 1 0 0 0 0]
[1 0 1 0 0 0 0]
[0 1 0 0 0 0 0]
[0 0 0 0 0 0 1]
[0 0 0 1 0 0 0]
[0 0 0 0 1 0 1]
[0 0 0 0 0 1 1]


85
[1 0 0 0 0 0 0]
[0 1 0 0 0 0 0]
[0 0 1 0 0 0 0]
[0 0 0 1 0 0 0]
[0 0 0 0 1 0 0]
[0 0 0 0 0 1 0]
[0 0 0 0 0 0 1]


[1 0 0 0 0 0 0]
[0 1 0 0 0 0 0]
[0 0 1 0 0 0 0]
[0 0 0 0 0 0 1]
[0 0 0 1 0 0 1]
[0 0 0 0 1 0 1]
[0 0 0 0 0 1 0]


86
[1 0 0 0 0 0 0]
[0 1 0 0 0 0 0]
[0 0 1 0 0 0 0]
[0 0 0 1 0 0 0]
[0 0 0 0 1 0 0]
[0 0 0 0 0 1 0]
[0 0 0 0 0 0 1]


[1 0 0 0 0 0 0]
[0 1 0 0 0 0 0]
[0 0 1 0 0 0 0]
[0 0 0 0 0 0 1]
[0 0 0 1 0 0 0]
[0 0 0 0 1 0 1]
[0 0 0 0 0 1 1]


87
[1 0 0 0 0 0 0]
[0 1 0 0 0 0 0]
[0 0 1 0 0 0 0]
[0 0 0 1 0 0 0]
[0 0 0 0 1 0 0]
[0 0 0 0 0 1 0]
[0 0 0 0 0 0 1]


[1 0 0 0 0 0 0]
[0 0 0 1 0 0 0]
[0 1 0 0 0 0 0]
[0 0 1 0 0 0 0]
[0 0 0 0 0 0 1]
[0 0 0 0 1 0 0]
[0 0 0 0 0 1 0]


88
[1 0 0 0 0 0 0]
[0 1 0 0 0 0 0]
[0 0 1 0 0 0 0]
[0 0 0 1 0 0 0]
[0 0 0 0 1 0 0]
[0 0 0 0 0 1 0]
[0 0 0 0 0 0 1]


[0 1 0 0 0 0 0]
[1 1 0 0 0 0 0]
[0 0 0 1 0 0 0]
[0 0 1 1 0 0 0]
[0 0 0 0 0 0 1]
[0 0 0 0 1 0 0]
[0 0 0 0 0 1 0]


89
[1 0 0 0 0 0 0]
[0 1 0 0 0 0 0]
[0 0 1 0 0 0 0]
[0 0 0 1 0 0 0]
[0 0 0 0 1 0 0]
[0 0 0 0 0 1 0]
[0 0 0 0 0 0 1]


[1 0 0 0 0 0 0]
[0 1 0 0 0 0 0]
[0 0 1 0 0 0 0]
[0 0 0 1 0 0 0]
[0 0 0 0 0 0 1]
[0 0 0 0 1 0 0]
[0 0 0 0 0 1 0]


90
[1 0 0 0 0 0 0]
[0 1 0 0 0 0 0]
[0 0 1 0 0 0 0]
[0 0 0 1 0 0 0]
[0 0 0 0 1 0 0]
[0 0 0 0 0 1 0]
[0 0 0 0 0 0 1]


[1 0 0 0 0 0 0]
[0 0 1 0 0 0 0]
[0 1 0 0 0 0 0]
[0 0 0 0 1 0 0]
[0 0 0 1 0 0 0]
[0 0 0 0 0 0 1]
[0 0 0 0 0 1 0]


91
[1 0 0 0 0 0 0]
[0 1 0 0 0 0 0]
[0 0 1 0 0 0 0]
[0 0 0 1 0 0 0]
[0 0 0 0 1 0 0]
[0 0 0 0 0 1 0]
[0 0 0 0 0 0 1]


[1 0 0 0 0 0 0]
[0 1 0 0 0 0 0]
[0 0 1 0 0 0 0]
[0 0 0 0 1 0 0]
[0 0 0 1 0 0 0]
[0 0 0 0 0 0 1]
[0 0 0 0 0 1 0]


92
[1 0 0 0 0 0 0]
[0 1 0 0 0 0 0]
[0 0 1 0 0 0 0]
[0 0 0 1 0 0 0]
[0 0 0 0 1 0 0]
[0 0 0 0 0 1 0]
[0 0 0 0 0 0 1]


[1 0 0 0 0 0 0]
[0 1 0 0 0 0 0]
[0 0 1 0 0 0 0]
[0 0 0 1 0 0 0]
[0 0 0 0 1 0 0]
[0 0 0 0 0 0 1]
[0 0 0 0 0 1 0]


93
[0 0 0 0 0 0 1]
[1 0 0 0 0 0 0]
[0 1 0 0 0 0 0]
[0 0 1 0 0 0 0]
[0 0 0 1 0 0 0]
[0 0 0 0 1 0 0]
[0 0 0 0 0 1 0]


[1 0 0 0 0 0 0]
[0 1 0 0 0 0 0]
[0 0 1 0 0 0 0]
[0 0 0 1 0 0 0]
[0 0 0 0 1 0 0]
[0 0 0 0 0 1 0]
[0 0 0 0 0 0 1]


94
[0 0 0 0 0 0 1]
[1 0 0 0 0 0 1]
[0 1 0 0 0 0 0]
[0 0 1 0 0 0 0]
[0 0 0 1 0 0 0]
[0 0 0 0 1 0 0]
[0 0 0 0 0 1 0]


[1 0 0 0 0 0 0]
[0 1 0 0 0 0 0]
[0 0 1 0 0 0 0]
[0 0 0 1 0 0 0]
[0 0 0 0 1 0 0]
[0 0 0 0 0 1 0]
[0 0 0 0 0 0 1]


95
[0 0 0 0 0 0 1]
[1 0 0 0 0 0 0]
[0 1 0 0 0 0 0]
[0 0 1 0 0 0 1]
[0 0 0 1 0 0 0]
[0 0 0 0 1 0 0]
[0 0 0 0 0 1 0]


[1 0 0 0 0 0 0]
[0 1 0 0 0 0 0]
[0 0 1 0 0 0 0]
[0 0 0 1 0 0 0]
[0 0 0 0 1 0 0]
[0 0 0 0 0 1 0]
[0 0 0 0 0 0 1]


96
[0 0 0 0 0 0 1]
[1 0 0 0 0 0 1]
[0 1 0 0 0 0 1]
[0 0 1 0 0 0 1]
[0 0 0 1 0 0 0]
[0 0 0 0 1 0 0]
[0 0 0 0 0 1 0]


[1 0 0 0 0 0 0]
[0 1 0 0 0 0 0]
[0 0 1 0 0 0 0]
[0 0 0 1 0 0 0]
[0 0 0 0 1 0 0]
[0 0 0 0 0 1 0]
[0 0 0 0 0 0 1]


97
[0 0 0 0 0 0 1]
[1 0 0 0 0 0 0]
[0 1 0 0 0 0 0]
[0 0 1 0 0 0 0]
[0 0 0 1 0 0 1]
[0 0 0 0 1 0 0]
[0 0 0 0 0 1 0]


[1 0 0 0 0 0 0]
[0 1 0 0 0 0 0]
[0 0 1 0 0 0 0]
[0 0 0 1 0 0 0]
[0 0 0 0 1 0 0]
[0 0 0 0 0 1 0]
[0 0 0 0 0 0 1]


98
[0 0 0 0 0 0 1]
[1 0 0 0 0 0 0]
[0 1 0 0 0 0 1]
[0 0 1 0 0 0 1]
[0 0 0 1 0 0 1]
[0 0 0 0 1 0 0]
[0 0 0 0 0 1 0]


[1 0 0 0 0 0 0]
[0 1 0 0 0 0 0]
[0 0 1 0 0 0 0]
[0 0 0 1 0 0 0]
[0 0 0 0 1 0 0]
[0 0 0 0 0 1 0]
[0 0 0 0 0 0 1]


99
[0 0 0 0 0 0 1]
[1 0 0 0 0 0 1]
[0 1 0 0 0 0 1]
[0 0 1 0 0 0 0]
[0 0 0 1 0 0 0]
[0 0 0 0 1 0 1]
[0 0 0 0 0 1 0]


[1 0 0 0 0 0 0]
[0 1 0 0 0 0 0]
[0 0 1 0 0 0 0]
[0 0 0 1 0 0 0]
[0 0 0 0 1 0 0]
[0 0 0 0 0 1 0]
[0 0 0 0 0 0 1]


100
[0 0 0 0 0 0 1]
[1 0 0 0 0 0 1]
[0 1 0 0 0 0 0]
[0 0 1 0 0 0 1]
[0 0 0 1 0 0 0]
[0 0 0 0 1 0 1]
[0 0 0 0 0 1 0]


[1 0 0 0 0 0 0]
[0 1 0 0 0 0 0]
[0 0 1 0 0 0 0]
[0 0 0 1 0 0 0]
[0 0 0 0 1 0 0]
[0 0 0 0 0 1 0]
[0 0 0 0 0 0 1]


101
[0 0 0 0 0 0 1]
[1 0 0 0 0 0 0]
[0 1 0 0 0 0 0]
[0 0 1 0 0 0 1]
[0 0 0 1 0 0 1]
[0 0 0 0 1 0 1]
[0 0 0 0 0 1 0]


[1 0 0 0 0 0 0]
[0 1 0 0 0 0 0]
[0 0 1 0 0 0 0]
[0 0 0 1 0 0 0]
[0 0 0 0 1 0 0]
[0 0 0 0 0 1 0]
[0 0 0 0 0 0 1]


102
[0 0 0 0 0 0 1]
[1 0 0 0 0 0 1]
[0 1 0 0 0 0 1]
[0 0 1 0 0 0 1]
[0 0 0 1 0 0 1]
[0 0 0 0 1 0 1]
[0 0 0 0 0 1 0]


[1 0 0 0 0 0 0]
[0 1 0 0 0 0 0]
[0 0 1 0 0 0 0]
[0 0 0 1 0 0 0]
[0 0 0 0 1 0 0]
[0 0 0 0 0 1 0]
[0 0 0 0 0 0 1]


103
[0 0 0 0 0 0 1]
[1 0 0 0 0 0 0]
[0 1 0 0 0 0 0]
[0 0 1 0 0 0 0]
[0 0 0 1 0 0 0]
[0 0 0 0 1 0 0]
[0 0 0 0 0 1 1]


[1 0 0 0 0 0 0]
[0 1 0 0 0 0 0]
[0 0 1 0 0 0 0]
[0 0 0 1 0 0 0]
[0 0 0 0 1 0 0]
[0 0 0 0 0 1 0]
[0 0 0 0 0 0 1]


104
[0 0 0 0 0 0 1]
[1 0 0 0 0 0 1]
[0 1 0 0 0 0 0]
[0 0 1 0 0 0 1]
[0 0 0 1 0 0 0]
[0 0 0 0 1 0 0]
[0 0 0 0 0 1 1]


[1 0 0 0 0 0 0]
[0 1 0 0 0 0 0]
[0 0 1 0 0 0 0]
[0 0 0 1 0 0 0]
[0 0 0 0 1 0 0]
[0 0 0 0 0 1 0]
[0 0 0 0 0 0 1]


105
[0 0 0 0 0 0 1]
[1 0 0 0 0 0 1]
[0 1 0 0 0 0 0]
[0 0 1 0 0 0 0]
[0 0 0 1 0 0 1]
[0 0 0 0 1 0 0]
[0 0 0 0 0 1 1]


[1 0 0 0 0 0 0]
[0 1 0 0 0 0 0]
[0 0 1 0 0 0 0]
[0 0 0 1 0 0 0]
[0 0 0 0 1 0 0]
[0 0 0 0 0 1 0]
[0 0 0 0 0 0 1]


106
[0 0 0 0 0 0 1]
[1 0 0 0 0 0 0]
[0 1 0 0 0 0 1]
[0 0 1 0 0 0 0]
[0 0 0 1 0 0 1]
[0 0 0 0 1 0 0]
[0 0 0 0 0 1 1]


[1 0 0 0 0 0 0]
[0 1 0 0 0 0 0]
[0 0 1 0 0 0 0]
[0 0 0 1 0 0 0]
[0 0 0 0 1 0 0]
[0 0 0 0 0 1 0]
[0 0 0 0 0 0 1]


107
[0 0 0 0 0 0 1]
[1 0 0 0 0 0 0]
[0 1 0 0 0 0 1]
[0 0 1 0 0 0 0]
[0 0 0 1 0 0 0]
[0 0 0 0 1 0 1]
[0 0 0 0 0 1 1]


[1 0 0 0 0 0 0]
[0 1 0 0 0 0 0]
[0 0 1 0 0 0 0]
[0 0 0 1 0 0 0]
[0 0 0 0 1 0 0]
[0 0 0 0 0 1 0]
[0 0 0 0 0 0 1]


108
[0 0 0 0 0 0 1]
[1 0 0 0 0 0 1]
[0 1 0 0 0 0 1]
[0 0 1 0 0 0 1]
[0 0 0 1 0 0 0]
[0 0 0 0 1 0 1]
[0 0 0 0 0 1 1]


[1 0 0 0 0 0 0]
[0 1 0 0 0 0 0]
[0 0 1 0 0 0 0]
[0 0 0 1 0 0 0]
[0 0 0 0 1 0 0]
[0 0 0 0 0 1 0]
[0 0 0 0 0 0 1]


109
[0 0 0 0 0 0 1]
[1 0 0 0 0 0 0]
[0 1 0 0 0 0 0]
[0 0 1 0 0 0 0]
[0 0 0 1 0 0 1]
[0 0 0 0 1 0 1]
[0 0 0 0 0 1 1]


[1 0 0 0 0 0 0]
[0 1 0 0 0 0 0]
[0 0 1 0 0 0 0]
[0 0 0 1 0 0 0]
[0 0 0 0 1 0 0]
[0 0 0 0 0 1 0]
[0 0 0 0 0 0 1]


110
[0 0 0 0 0 0 1]
[1 0 0 0 0 0 1]
[0 1 0 0 0 0 1]
[0 0 1 0 0 0 0]
[0 0 0 1 0 0 1]
[0 0 0 0 1 0 1]
[0 0 0 0 0 1 1]


[1 0 0 0 0 0 0]
[0 1 0 0 0 0 0]
[0 0 1 0 0 0 0]
[0 0 0 1 0 0 0]
[0 0 0 0 1 0 0]
[0 0 0 0 0 1 0]
[0 0 0 0 0 0 1]


111
[0 0 0 0 0 0 1]
[1 0 0 0 0 0 0]
[0 1 0 0 0 0 1]
[0 0 1 0 0 0 1]
[0 0 0 1 0 0 1]
[0 0 0 0 1 0 1]
[0 0 0 0 0 1 1]


[1 0 0 0 0 0 0]
[0 1 0 0 0 0 0]
[0 0 1 0 0 0 0]
[0 0 0 1 0 0 0]
[0 0 0 0 1 0 0]
[0 0 0 0 0 1 0]
[0 0 0 0 0 0 1]


112
[1 0 0 0 0 0 0]
[0 0 0 0 0 0 1]
[0 1 0 0 0 0 1]
[0 0 1 0 0 0 1]
[0 0 0 1 0 0 0]
[0 0 0 0 1 0 0]
[0 0 0 0 0 1 0]


[1 0 0 0 0 0 0]
[0 1 0 0 0 0 0]
[0 0 1 0 0 0 0]
[0 0 0 1 0 0 0]
[0 0 0 0 1 0 0]
[0 0 0 0 0 1 0]
[0 0 0 0 0 0 1]


113
[1 0 0 0 0 0 0]
[0 0 0 0 0 0 1]
[0 1 0 0 0 0 0]
[0 0 1 0 0 0 1]
[0 0 0 1 0 0 1]
[0 0 0 0 1 0 0]
[0 0 0 0 0 1 0]


[1 0 0 0 0 0 0]
[0 1 0 0 0 0 0]
[0 0 1 0 0 0 0]
[0 0 0 1 0 0 0]
[0 0 0 0 1 0 0]
[0 0 0 0 0 1 0]
[0 0 0 0 0 0 1]


114
[1 0 0 0 0 0 0]
[0 0 0 0 0 0 1]
[0 1 0 0 0 0 0]
[0 0 1 0 0 0 0]
[0 0 0 1 0 0 1]
[0 0 0 0 1 0 1]
[0 0 0 0 0 1 0]


[1 0 0 0 0 0 0]
[0 1 0 0 0 0 0]
[0 0 1 0 0 0 0]
[0 0 0 1 0 0 0]
[0 0 0 0 1 0 0]
[0 0 0 0 0 1 0]
[0 0 0 0 0 0 1]


115
[1 0 0 0 0 0 0]
[0 0 0 0 0 0 1]
[0 1 0 0 0 0 1]
[0 0 1 0 0 0 1]
[0 0 0 1 0 0 1]
[0 0 0 0 1 0 0]
[0 0 0 0 0 1 1]


[1 0 0 0 0 0 0]
[0 1 0 0 0 0 0]
[0 0 1 0 0 0 0]
[0 0 0 1 0 0 0]
[0 0 0 0 1 0 0]
[0 0 0 0 0 1 0]
[0 0 0 0 0 0 1]


116
[1 0 0 0 0 0 0]
[0 0 0 0 0 0 1]
[0 1 0 0 0 0 0]
[0 0 1 0 0 0 0]
[0 0 0 1 0 0 0]
[0 0 0 0 1 0 1]
[0 0 0 0 0 1 1]


[1 0 0 0 0 0 0]
[0 1 0 0 0 0 0]
[0 0 1 0 0 0 0]
[0 0 0 1 0 0 0]
[0 0 0 0 1 0 0]
[0 0 0 0 0 1 0]
[0 0 0 0 0 0 1]


117
[1 0 0 0 0 0 0]
[0 0 0 0 0 0 1]
[0 1 0 0 0 0 1]
[0 0 1 0 0 0 0]
[0 0 0 1 0 0 1]
[0 0 0 0 1 0 1]
[0 0 0 0 0 1 1]


[1 0 0 0 0 0 0]
[0 1 0 0 0 0 0]
[0 0 1 0 0 0 0]
[0 0 0 1 0 0 0]
[0 0 0 0 1 0 0]
[0 0 0 0 0 1 0]
[0 0 0 0 0 0 1]


118
[1 0 0 0 0 0 0]
[0 1 0 0 0 0 0]
[0 0 0 0 0 0 1]
[0 0 1 0 0 0 0]
[0 0 0 1 0 0 0]
[0 0 0 0 1 0 0]
[0 0 0 0 0 1 0]


[1 0 0 0 0 0 0]
[0 1 0 0 0 0 0]
[0 0 1 0 0 0 0]
[0 0 0 1 0 0 0]
[0 0 0 0 1 0 0]
[0 0 0 0 0 1 0]
[0 0 0 0 0 0 1]


119
[0 0 1 0 0 0 0]
[1 0 0 0 0 0 0]
[0 1 1 0 0 0 0]
[0 0 0 0 0 0 1]
[0 0 0 1 0 0 1]
[0 0 0 0 1 0 1]
[0 0 0 0 0 1 0]


[1 0 0 0 0 0 0]
[0 1 0 0 0 0 0]
[0 0 1 0 0 0 0]
[0 0 0 1 0 0 0]
[0 0 0 0 1 0 0]
[0 0 0 0 0 1 0]
[0 0 0 0 0 0 1]


120
[0 0 1 0 0 0 0]
[1 0 1 0 0 0 0]
[0 1 0 0 0 0 0]
[0 0 0 0 0 0 1]
[0 0 0 1 0 0 0]
[0 0 0 0 1 0 1]
[0 0 0 0 0 1 1]


[1 0 0 0 0 0 0]
[0 1 0 0 0 0 0]
[0 0 1 0 0 0 0]
[0 0 0 1 0 0 0]
[0 0 0 0 1 0 0]
[0 0 0 0 0 1 0]
[0 0 0 0 0 0 1]


121
[1 0 0 0 0 0 0]
[0 1 0 0 0 0 0]
[0 0 1 0 0 0 0]
[0 0 0 0 0 0 1]
[0 0 0 1 0 0 1]
[0 0 0 0 1 0 1]
[0 0 0 0 0 1 0]


[1 0 0 0 0 0 0]
[0 1 0 0 0 0 0]
[0 0 1 0 0 0 0]
[0 0 0 1 0 0 0]
[0 0 0 0 1 0 0]
[0 0 0 0 0 1 0]
[0 0 0 0 0 0 1]


122
[1 0 0 0 0 0 0]
[0 1 0 0 0 0 0]
[0 0 1 0 0 0 0]
[0 0 0 0 0 0 1]
[0 0 0 1 0 0 0]
[0 0 0 0 1 0 1]
[0 0 0 0 0 1 1]


[1 0 0 0 0 0 0]
[0 1 0 0 0 0 0]
[0 0 1 0 0 0 0]
[0 0 0 1 0 0 0]
[0 0 0 0 1 0 0]
[0 0 0 0 0 1 0]
[0 0 0 0 0 0 1]


123
[1 0 0 0 0 0 0]
[0 0 0 1 0 0 0]
[0 1 0 0 0 0 0]
[0 0 1 0 0 0 0]
[0 0 0 0 0 0 1]
[0 0 0 0 1 0 0]
[0 0 0 0 0 1 0]


[1 0 0 0 0 0 0]
[0 1 0 0 0 0 0]
[0 0 1 0 0 0 0]
[0 0 0 1 0 0 0]
[0 0 0 0 1 0 0]
[0 0 0 0 0 1 0]
[0 0 0 0 0 0 1]


124
[0 1 0 0 0 0 0]
[1 1 0 0 0 0 0]
[0 0 0 1 0 0 0]
[0 0 1 1 0 0 0]
[0 0 0 0 0 0 1]
[0 0 0 0 1 0 0]
[0 0 0 0 0 1 0]


[1 0 0 0 0 0 0]
[0 1 0 0 0 0 0]
[0 0 1 0 0 0 0]
[0 0 0 1 0 0 0]
[0 0 0 0 1 0 0]
[0 0 0 0 0 1 0]
[0 0 0 0 0 0 1]


125
[1 0 0 0 0 0 0]
[0 1 0 0 0 0 0]
[0 0 1 0 0 0 0]
[0 0 0 1 0 0 0]
[0 0 0 0 0 0 1]
[0 0 0 0 1 0 0]
[0 0 0 0 0 1 0]


[1 0 0 0 0 0 0]
[0 1 0 0 0 0 0]
[0 0 1 0 0 0 0]
[0 0 0 1 0 0 0]
[0 0 0 0 1 0 0]
[0 0 0 0 0 1 0]
[0 0 0 0 0 0 1]


126
[1 0 0 0 0 0 0]
[0 0 1 0 0 0 0]
[0 1 0 0 0 0 0]
[0 0 0 0 1 0 0]
[0 0 0 1 0 0 0]
[0 0 0 0 0 0 1]
[0 0 0 0 0 1 0]


[1 0 0 0 0 0 0]
[0 1 0 0 0 0 0]
[0 0 1 0 0 0 0]
[0 0 0 1 0 0 0]
[0 0 0 0 1 0 0]
[0 0 0 0 0 1 0]
[0 0 0 0 0 0 1]


127
[1 0 0 0 0 0 0]
[0 1 0 0 0 0 0]
[0 0 1 0 0 0 0]
[0 0 0 0 1 0 0]
[0 0 0 1 0 0 0]
[0 0 0 0 0 0 1]
[0 0 0 0 0 1 0]


[1 0 0 0 0 0 0]
[0 1 0 0 0 0 0]
[0 0 1 0 0 0 0]
[0 0 0 1 0 0 0]
[0 0 0 0 1 0 0]
[0 0 0 0 0 1 0]
[0 0 0 0 0 0 1]


128
[1 0 0 0 0 0 0]
[0 1 0 0 0 0 0]
[0 0 1 0 0 0 0]
[0 0 0 1 0 0 0]
[0 0 0 0 1 0 0]
[0 0 0 0 0 0 1]
[0 0 0 0 0 1 0]


[1 0 0 0 0 0 0]
[0 1 0 0 0 0 0]
[0 0 1 0 0 0 0]
[0 0 0 1 0 0 0]
[0 0 0 0 1 0 0]
[0 0 0 0 0 1 0]
[0 0 0 0 0 0 1]

