/* This file contains the 9-bit matrix tuples for linear self-equivalences
*/

1
[0 0 0 0 0 0 0 0 1]
[1 0 0 0 0 0 0 0 1]
[0 1 0 0 0 0 0 0 0]
[0 0 1 0 0 0 0 0 1]
[0 0 0 1 0 0 0 0 0]
[0 0 0 0 1 0 0 0 0]
[0 0 0 0 0 1 0 0 1]
[0 0 0 0 0 0 1 0 0]
[0 0 0 0 0 0 0 1 1]


[0 0 0 0 0 0 0 0 1]
[1 0 0 0 0 0 0 0 0]
[0 1 0 0 0 0 0 0 0]
[0 0 1 0 0 0 0 0 1]
[0 0 0 1 0 0 0 0 1]
[0 0 0 0 1 0 0 0 1]
[0 0 0 0 0 1 0 0 1]
[0 0 0 0 0 0 1 0 0]
[0 0 0 0 0 0 0 1 0]


2
[0 0 0 0 0 0 0 0 1]
[1 0 0 0 0 0 0 0 1]
[0 1 0 0 0 0 0 0 0]
[0 0 1 0 0 0 0 0 1]
[0 0 0 1 0 0 0 0 0]
[0 0 0 0 1 0 0 0 0]
[0 0 0 0 0 1 0 0 1]
[0 0 0 0 0 0 1 0 0]
[0 0 0 0 0 0 0 1 1]


[0 0 0 0 0 0 0 0 1]
[1 0 0 0 0 0 0 0 1]
[0 1 0 0 0 0 0 0 0]
[0 0 1 0 0 0 0 0 1]
[0 0 0 1 0 0 0 0 0]
[0 0 0 0 1 0 0 0 0]
[0 0 0 0 0 1 0 0 1]
[0 0 0 0 0 0 1 0 0]
[0 0 0 0 0 0 0 1 1]


3
[0 0 0 0 0 0 0 0 1]
[1 0 0 0 0 0 0 0 0]
[0 1 0 0 0 0 0 0 0]
[0 0 1 0 0 0 0 0 0]
[0 0 0 1 0 0 0 0 0]
[0 0 0 0 1 0 0 0 1]
[0 0 0 0 0 1 0 0 0]
[0 0 0 0 0 0 1 0 1]
[0 0 0 0 0 0 0 1 1]


[0 0 0 0 0 0 0 0 1]
[1 0 0 0 0 0 0 0 1]
[0 1 0 0 0 0 0 0 0]
[0 0 1 0 0 0 0 0 0]
[0 0 0 1 0 0 0 0 0]
[0 0 0 0 1 0 0 0 0]
[0 0 0 0 0 1 0 0 0]
[0 0 0 0 0 0 1 0 0]
[0 0 0 0 0 0 0 1 0]


4
[0 0 0 0 0 0 0 0 1]
[1 0 0 0 0 0 0 0 0]
[0 1 0 0 0 0 0 0 0]
[0 0 1 0 0 0 0 0 0]
[0 0 0 1 0 0 0 0 0]
[0 0 0 0 1 0 0 0 1]
[0 0 0 0 0 1 0 0 0]
[0 0 0 0 0 0 1 0 1]
[0 0 0 0 0 0 0 1 1]


[0 0 0 0 0 0 0 0 1]
[1 0 0 0 0 0 0 0 1]
[0 1 0 0 0 0 0 0 1]
[0 0 1 0 0 0 0 0 0]
[0 0 0 1 0 0 0 0 1]
[0 0 0 0 1 0 0 0 0]
[0 0 0 0 0 1 0 0 0]
[0 0 0 0 0 0 1 0 0]
[0 0 0 0 0 0 0 1 0]


5
[0 0 0 0 0 0 0 0 1]
[1 0 0 0 0 0 0 0 0]
[0 1 0 0 0 0 0 0 0]
[0 0 1 0 0 0 0 0 0]
[0 0 0 1 0 0 0 0 0]
[0 0 0 0 1 0 0 0 1]
[0 0 0 0 0 1 0 0 0]
[0 0 0 0 0 0 1 0 1]
[0 0 0 0 0 0 0 1 1]


[0 0 0 0 0 0 0 0 1]
[1 0 0 0 0 0 0 0 1]
[0 1 0 0 0 0 0 0 0]
[0 0 1 0 0 0 0 0 1]
[0 0 0 1 0 0 0 0 0]
[0 0 0 0 1 0 0 0 0]
[0 0 0 0 0 1 0 0 1]
[0 0 0 0 0 0 1 0 0]
[0 0 0 0 0 0 0 1 0]


6
[0 0 0 0 0 0 0 0 1]
[1 0 0 0 0 0 0 0 0]
[0 1 0 0 0 0 0 0 0]
[0 0 1 0 0 0 0 0 0]
[0 0 0 1 0 0 0 0 0]
[0 0 0 0 1 0 0 0 1]
[0 0 0 0 0 1 0 0 0]
[0 0 0 0 0 0 1 0 1]
[0 0 0 0 0 0 0 1 1]


[0 0 0 0 0 0 0 0 1]
[1 0 0 0 0 0 0 0 0]
[0 1 0 0 0 0 0 0 1]
[0 0 1 0 0 0 0 0 0]
[0 0 0 1 0 0 0 0 0]
[0 0 0 0 1 0 0 0 1]
[0 0 0 0 0 1 0 0 1]
[0 0 0 0 0 0 1 0 0]
[0 0 0 0 0 0 0 1 0]


7
[0 0 0 0 0 0 0 0 1]
[1 0 0 0 0 0 0 0 0]
[0 1 0 0 0 0 0 0 0]
[0 0 1 0 0 0 0 0 0]
[0 0 0 1 0 0 0 0 0]
[0 0 0 0 1 0 0 0 1]
[0 0 0 0 0 1 0 0 0]
[0 0 0 0 0 0 1 0 1]
[0 0 0 0 0 0 0 1 1]


[0 0 0 0 0 0 0 0 1]
[1 0 0 0 0 0 0 0 0]
[0 1 0 0 0 0 0 0 0]
[0 0 1 0 0 0 0 0 1]
[0 0 0 1 0 0 0 0 1]
[0 0 0 0 1 0 0 0 0]
[0 0 0 0 0 1 0 0 0]
[0 0 0 0 0 0 1 0 1]
[0 0 0 0 0 0 0 1 0]


8
[0 0 0 0 0 0 0 0 1]
[1 0 0 0 0 0 0 0 0]
[0 1 0 0 0 0 0 0 0]
[0 0 1 0 0 0 0 0 0]
[0 0 0 1 0 0 0 0 0]
[0 0 0 0 1 0 0 0 1]
[0 0 0 0 0 1 0 0 0]
[0 0 0 0 0 0 1 0 1]
[0 0 0 0 0 0 0 1 1]


[0 0 0 0 0 0 0 0 1]
[1 0 0 0 0 0 0 0 0]
[0 1 0 0 0 0 0 0 0]
[0 0 1 0 0 0 0 0 0]
[0 0 0 1 0 0 0 0 0]
[0 0 0 0 1 0 0 0 0]
[0 0 0 0 0 1 0 0 0]
[0 0 0 0 0 0 1 0 0]
[0 0 0 0 0 0 0 1 1]


9
[0 0 0 0 0 0 0 0 1]
[1 0 0 0 0 0 0 0 0]
[0 1 0 0 0 0 0 0 0]
[0 0 1 0 0 0 0 0 0]
[0 0 0 1 0 0 0 0 0]
[0 0 0 0 1 0 0 0 1]
[0 0 0 0 0 1 0 0 0]
[0 0 0 0 0 0 1 0 1]
[0 0 0 0 0 0 0 1 1]


[0 0 0 0 0 0 0 0 1]
[1 0 0 0 0 0 0 0 0]
[0 1 0 0 0 0 0 0 0]
[0 0 1 0 0 0 0 0 1]
[0 0 0 1 0 0 0 0 0]
[0 0 0 0 1 0 0 0 0]
[0 0 0 0 0 1 0 0 1]
[0 0 0 0 0 0 1 0 0]
[0 0 0 0 0 0 0 1 1]


10
[0 0 0 0 0 0 0 0 1]
[1 0 0 0 0 0 0 0 0]
[0 1 0 0 0 0 0 0 0]
[0 0 1 0 0 0 0 0 0]
[0 0 0 1 0 0 0 0 0]
[0 0 0 0 1 0 0 0 1]
[0 0 0 0 0 1 0 0 0]
[0 0 0 0 0 0 1 0 1]
[0 0 0 0 0 0 0 1 1]


[0 0 0 0 0 0 0 0 1]
[1 0 0 0 0 0 0 0 0]
[0 1 0 0 0 0 0 0 0]
[0 0 1 0 0 0 0 0 0]
[0 0 0 1 0 0 0 0 0]
[0 0 0 0 1 0 0 0 1]
[0 0 0 0 0 1 0 0 0]
[0 0 0 0 0 0 1 0 1]
[0 0 0 0 0 0 0 1 1]


11
[1 0 0 0 0 0 0 0 0]
[0 0 0 0 0 0 0 0 1]
[0 1 0 0 0 0 0 0 0]
[0 0 1 0 0 0 0 0 1]
[0 0 0 1 0 0 0 0 1]
[0 0 0 0 1 0 0 0 1]
[0 0 0 0 0 1 0 0 1]
[0 0 0 0 0 0 1 0 1]
[0 0 0 0 0 0 0 1 1]


[1 0 0 0 0 0 0 0 0]
[0 0 0 0 0 0 0 0 1]
[0 1 0 0 0 0 0 0 1]
[0 0 1 0 0 0 0 0 1]
[0 0 0 1 0 0 0 0 0]
[0 0 0 0 1 0 0 0 0]
[0 0 0 0 0 1 0 0 0]
[0 0 0 0 0 0 1 0 0]
[0 0 0 0 0 0 0 1 0]


12
[1 0 0 0 0 0 0 0 0]
[0 0 0 0 0 0 0 0 1]
[0 1 0 0 0 0 0 0 0]
[0 0 1 0 0 0 0 0 1]
[0 0 0 1 0 0 0 0 1]
[0 0 0 0 1 0 0 0 1]
[0 0 0 0 0 1 0 0 1]
[0 0 0 0 0 0 1 0 1]
[0 0 0 0 0 0 0 1 1]


[1 0 0 0 0 0 0 0 0]
[0 0 0 0 0 0 0 0 1]
[0 1 0 0 0 0 0 0 1]
[0 0 1 0 0 0 0 0 0]
[0 0 0 1 0 0 0 0 0]
[0 0 0 0 1 0 0 0 1]
[0 0 0 0 0 1 0 0 0]
[0 0 0 0 0 0 1 0 0]
[0 0 0 0 0 0 0 1 0]


13
[1 0 0 0 0 0 0 0 0]
[0 0 0 0 0 0 0 0 1]
[0 1 0 0 0 0 0 0 0]
[0 0 1 0 0 0 0 0 1]
[0 0 0 1 0 0 0 0 1]
[0 0 0 0 1 0 0 0 1]
[0 0 0 0 0 1 0 0 1]
[0 0 0 0 0 0 1 0 1]
[0 0 0 0 0 0 0 1 1]


[1 0 0 0 0 0 0 0 0]
[0 0 0 0 0 0 0 0 1]
[0 1 0 0 0 0 0 0 0]
[0 0 1 0 0 0 0 0 0]
[0 0 0 1 0 0 0 0 1]
[0 0 0 0 1 0 0 0 1]
[0 0 0 0 0 1 0 0 0]
[0 0 0 0 0 0 1 0 0]
[0 0 0 0 0 0 0 1 0]


14
[1 0 0 0 0 0 0 0 0]
[0 0 0 0 0 0 0 0 1]
[0 1 0 0 0 0 0 0 0]
[0 0 1 0 0 0 0 0 1]
[0 0 0 1 0 0 0 0 1]
[0 0 0 0 1 0 0 0 1]
[0 0 0 0 0 1 0 0 1]
[0 0 0 0 0 0 1 0 1]
[0 0 0 0 0 0 0 1 1]


[1 0 0 0 0 0 0 0 0]
[0 0 0 0 0 0 0 0 1]
[0 1 0 0 0 0 0 0 1]
[0 0 1 0 0 0 0 0 1]
[0 0 0 1 0 0 0 0 1]
[0 0 0 0 1 0 0 0 0]
[0 0 0 0 0 1 0 0 1]
[0 0 0 0 0 0 1 0 0]
[0 0 0 0 0 0 0 1 0]


15
[1 0 0 0 0 0 0 0 0]
[0 0 0 0 0 0 0 0 1]
[0 1 0 0 0 0 0 0 0]
[0 0 1 0 0 0 0 0 1]
[0 0 0 1 0 0 0 0 1]
[0 0 0 0 1 0 0 0 1]
[0 0 0 0 0 1 0 0 1]
[0 0 0 0 0 0 1 0 1]
[0 0 0 0 0 0 0 1 1]


[1 0 0 0 0 0 0 0 0]
[0 0 0 0 0 0 0 0 1]
[0 1 0 0 0 0 0 0 0]
[0 0 1 0 0 0 0 0 0]
[0 0 0 1 0 0 0 0 0]
[0 0 0 0 1 0 0 0 1]
[0 0 0 0 0 1 0 0 1]
[0 0 0 0 0 0 1 0 0]
[0 0 0 0 0 0 0 1 0]


16
[1 0 0 0 0 0 0 0 0]
[0 0 0 0 0 0 0 0 1]
[0 1 0 0 0 0 0 0 0]
[0 0 1 0 0 0 0 0 1]
[0 0 0 1 0 0 0 0 1]
[0 0 0 0 1 0 0 0 1]
[0 0 0 0 0 1 0 0 1]
[0 0 0 0 0 0 1 0 1]
[0 0 0 0 0 0 0 1 1]


[1 0 0 0 0 0 0 0 0]
[0 0 0 0 0 0 0 0 1]
[0 1 0 0 0 0 0 0 1]
[0 0 1 0 0 0 0 0 0]
[0 0 0 1 0 0 0 0 0]
[0 0 0 0 1 0 0 0 0]
[0 0 0 0 0 1 0 0 0]
[0 0 0 0 0 0 1 0 1]
[0 0 0 0 0 0 0 1 0]


17
[1 0 0 0 0 0 0 0 0]
[0 0 0 0 0 0 0 0 1]
[0 1 0 0 0 0 0 0 0]
[0 0 1 0 0 0 0 0 1]
[0 0 0 1 0 0 0 0 1]
[0 0 0 0 1 0 0 0 1]
[0 0 0 0 0 1 0 0 1]
[0 0 0 0 0 0 1 0 1]
[0 0 0 0 0 0 0 1 1]


[1 0 0 0 0 0 0 0 0]
[0 0 0 0 0 0 0 0 1]
[0 1 0 0 0 0 0 0 0]
[0 0 1 0 0 0 0 0 1]
[0 0 0 1 0 0 0 0 1]
[0 0 0 0 1 0 0 0 1]
[0 0 0 0 0 1 0 0 0]
[0 0 0 0 0 0 1 0 1]
[0 0 0 0 0 0 0 1 0]


18
[1 0 0 0 0 0 0 0 0]
[0 0 0 0 0 0 0 0 1]
[0 1 0 0 0 0 0 0 0]
[0 0 1 0 0 0 0 0 1]
[0 0 0 1 0 0 0 0 1]
[0 0 0 0 1 0 0 0 1]
[0 0 0 0 0 1 0 0 1]
[0 0 0 0 0 0 1 0 1]
[0 0 0 0 0 0 0 1 1]


[1 0 0 0 0 0 0 0 0]
[0 0 0 0 0 0 0 0 1]
[0 1 0 0 0 0 0 0 0]
[0 0 1 0 0 0 0 0 1]
[0 0 0 1 0 0 0 0 0]
[0 0 0 0 1 0 0 0 1]
[0 0 0 0 0 1 0 0 1]
[0 0 0 0 0 0 1 0 1]
[0 0 0 0 0 0 0 1 0]


19
[1 0 0 0 0 0 0 0 0]
[0 0 0 0 0 0 0 0 1]
[0 1 0 0 0 0 0 0 0]
[0 0 1 0 0 0 0 0 1]
[0 0 0 1 0 0 0 0 1]
[0 0 0 0 1 0 0 0 1]
[0 0 0 0 0 1 0 0 1]
[0 0 0 0 0 0 1 0 1]
[0 0 0 0 0 0 0 1 1]


[1 0 0 0 0 0 0 0 0]
[0 0 0 0 0 0 0 0 1]
[0 1 0 0 0 0 0 0 1]
[0 0 1 0 0 0 0 0 1]
[0 0 0 1 0 0 0 0 1]
[0 0 0 0 1 0 0 0 1]
[0 0 0 0 0 1 0 0 1]
[0 0 0 0 0 0 1 0 1]
[0 0 0 0 0 0 0 1 0]


20
[1 0 0 0 0 0 0 0 0]
[0 0 0 0 0 0 0 0 1]
[0 1 0 0 0 0 0 0 0]
[0 0 1 0 0 0 0 0 1]
[0 0 0 1 0 0 0 0 1]
[0 0 0 0 1 0 0 0 1]
[0 0 0 0 0 1 0 0 1]
[0 0 0 0 0 0 1 0 1]
[0 0 0 0 0 0 0 1 1]


[1 0 0 0 0 0 0 0 0]
[0 0 0 0 0 0 0 0 1]
[0 1 0 0 0 0 0 0 0]
[0 0 1 0 0 0 0 0 1]
[0 0 0 1 0 0 0 0 0]
[0 0 0 0 1 0 0 0 0]
[0 0 0 0 0 1 0 0 0]
[0 0 0 0 0 0 1 0 0]
[0 0 0 0 0 0 0 1 1]


21
[1 0 0 0 0 0 0 0 0]
[0 0 0 0 0 0 0 0 1]
[0 1 0 0 0 0 0 0 0]
[0 0 1 0 0 0 0 0 1]
[0 0 0 1 0 0 0 0 1]
[0 0 0 0 1 0 0 0 1]
[0 0 0 0 0 1 0 0 1]
[0 0 0 0 0 0 1 0 1]
[0 0 0 0 0 0 0 1 1]


[1 0 0 0 0 0 0 0 0]
[0 0 0 0 0 0 0 0 1]
[0 1 0 0 0 0 0 0 0]
[0 0 1 0 0 0 0 0 0]
[0 0 0 1 0 0 0 0 0]
[0 0 0 0 1 0 0 0 1]
[0 0 0 0 0 1 0 0 0]
[0 0 0 0 0 0 1 0 0]
[0 0 0 0 0 0 0 1 1]


22
[1 0 0 0 0 0 0 0 0]
[0 0 0 0 0 0 0 0 1]
[0 1 0 0 0 0 0 0 0]
[0 0 1 0 0 0 0 0 1]
[0 0 0 1 0 0 0 0 1]
[0 0 0 0 1 0 0 0 1]
[0 0 0 0 0 1 0 0 1]
[0 0 0 0 0 0 1 0 1]
[0 0 0 0 0 0 0 1 1]


[1 0 0 0 0 0 0 0 0]
[0 0 0 0 0 0 0 0 1]
[0 1 0 0 0 0 0 0 1]
[0 0 1 0 0 0 0 0 0]
[0 0 0 1 0 0 0 0 1]
[0 0 0 0 1 0 0 0 1]
[0 0 0 0 0 1 0 0 0]
[0 0 0 0 0 0 1 0 0]
[0 0 0 0 0 0 0 1 1]


23
[1 0 0 0 0 0 0 0 0]
[0 0 0 0 0 0 0 0 1]
[0 1 0 0 0 0 0 0 0]
[0 0 1 0 0 0 0 0 1]
[0 0 0 1 0 0 0 0 1]
[0 0 0 0 1 0 0 0 1]
[0 0 0 0 0 1 0 0 1]
[0 0 0 0 0 0 1 0 1]
[0 0 0 0 0 0 0 1 1]


[1 0 0 0 0 0 0 0 0]
[0 0 0 0 0 0 0 0 1]
[0 1 0 0 0 0 0 0 1]
[0 0 1 0 0 0 0 0 1]
[0 0 0 1 0 0 0 0 0]
[0 0 0 0 1 0 0 0 0]
[0 0 0 0 0 1 0 0 1]
[0 0 0 0 0 0 1 0 0]
[0 0 0 0 0 0 0 1 1]


24
[1 0 0 0 0 0 0 0 0]
[0 0 0 0 0 0 0 0 1]
[0 1 0 0 0 0 0 0 0]
[0 0 1 0 0 0 0 0 1]
[0 0 0 1 0 0 0 0 1]
[0 0 0 0 1 0 0 0 1]
[0 0 0 0 0 1 0 0 1]
[0 0 0 0 0 0 1 0 1]
[0 0 0 0 0 0 0 1 1]


[1 0 0 0 0 0 0 0 0]
[0 0 0 0 0 0 0 0 1]
[0 1 0 0 0 0 0 0 1]
[0 0 1 0 0 0 0 0 0]
[0 0 0 1 0 0 0 0 0]
[0 0 0 0 1 0 0 0 1]
[0 0 0 0 0 1 0 0 1]
[0 0 0 0 0 0 1 0 0]
[0 0 0 0 0 0 0 1 1]


25
[1 0 0 0 0 0 0 0 0]
[0 0 0 0 0 0 0 0 1]
[0 1 0 0 0 0 0 0 0]
[0 0 1 0 0 0 0 0 1]
[0 0 0 1 0 0 0 0 1]
[0 0 0 0 1 0 0 0 1]
[0 0 0 0 0 1 0 0 1]
[0 0 0 0 0 0 1 0 1]
[0 0 0 0 0 0 0 1 1]


[1 0 0 0 0 0 0 0 0]
[0 0 0 0 0 0 0 0 1]
[0 1 0 0 0 0 0 0 0]
[0 0 1 0 0 0 0 0 0]
[0 0 0 1 0 0 0 0 0]
[0 0 0 0 1 0 0 0 0]
[0 0 0 0 0 1 0 0 0]
[0 0 0 0 0 0 1 0 1]
[0 0 0 0 0 0 0 1 1]


26
[1 0 0 0 0 0 0 0 0]
[0 0 0 0 0 0 0 0 1]
[0 1 0 0 0 0 0 0 0]
[0 0 1 0 0 0 0 0 1]
[0 0 0 1 0 0 0 0 1]
[0 0 0 0 1 0 0 0 1]
[0 0 0 0 0 1 0 0 1]
[0 0 0 0 0 0 1 0 1]
[0 0 0 0 0 0 0 1 1]


[1 0 0 0 0 0 0 0 0]
[0 0 0 0 0 0 0 0 1]
[0 1 0 0 0 0 0 0 1]
[0 0 1 0 0 0 0 0 0]
[0 0 0 1 0 0 0 0 1]
[0 0 0 0 1 0 0 0 0]
[0 0 0 0 0 1 0 0 0]
[0 0 0 0 0 0 1 0 1]
[0 0 0 0 0 0 0 1 1]


27
[1 0 0 0 0 0 0 0 0]
[0 0 0 0 0 0 0 0 1]
[0 1 0 0 0 0 0 0 0]
[0 0 1 0 0 0 0 0 1]
[0 0 0 1 0 0 0 0 1]
[0 0 0 0 1 0 0 0 1]
[0 0 0 0 0 1 0 0 1]
[0 0 0 0 0 0 1 0 1]
[0 0 0 0 0 0 0 1 1]


[1 0 0 0 0 0 0 0 0]
[0 0 0 0 0 0 0 0 1]
[0 1 0 0 0 0 0 0 0]
[0 0 1 0 0 0 0 0 0]
[0 0 0 1 0 0 0 0 1]
[0 0 0 0 1 0 0 0 0]
[0 0 0 0 0 1 0 0 1]
[0 0 0 0 0 0 1 0 1]
[0 0 0 0 0 0 0 1 1]


28
[1 0 0 0 0 0 0 0 0]
[0 0 0 0 0 0 0 0 1]
[0 1 0 0 0 0 0 0 0]
[0 0 1 0 0 0 0 0 1]
[0 0 0 1 0 0 0 0 1]
[0 0 0 0 1 0 0 0 1]
[0 0 0 0 0 1 0 0 1]
[0 0 0 0 0 0 1 0 1]
[0 0 0 0 0 0 0 1 1]


[1 0 0 0 0 0 0 0 0]
[0 0 0 0 0 0 0 0 1]
[0 1 0 0 0 0 0 0 0]
[0 0 1 0 0 0 0 0 1]
[0 0 0 1 0 0 0 0 1]
[0 0 0 0 1 0 0 0 1]
[0 0 0 0 0 1 0 0 1]
[0 0 0 0 0 0 1 0 1]
[0 0 0 0 0 0 0 1 1]


29
[1 0 0 0 0 0 0 0 0]
[0 1 0 0 0 0 0 0 0]
[0 0 0 0 0 0 0 0 1]
[0 0 1 0 0 0 0 0 0]
[0 0 0 1 0 0 0 0 0]
[0 0 0 0 1 0 0 0 0]
[0 0 0 0 0 1 0 0 0]
[0 0 0 0 0 0 1 0 0]
[0 0 0 0 0 0 0 1 0]


[1 0 0 0 0 0 0 0 0]
[0 1 0 0 0 0 0 0 0]
[0 0 0 0 0 0 0 0 1]
[0 0 1 0 0 0 0 0 0]
[0 0 0 1 0 0 0 0 0]
[0 0 0 0 1 0 0 0 0]
[0 0 0 0 0 1 0 0 0]
[0 0 0 0 0 0 1 0 0]
[0 0 0 0 0 0 0 1 0]


30
[1 0 0 0 0 0 0 0 0]
[0 1 0 0 0 0 0 0 0]
[0 0 0 0 0 0 0 0 1]
[0 0 1 0 0 0 0 0 0]
[0 0 0 1 0 0 0 0 0]
[0 0 0 0 1 0 0 0 0]
[0 0 0 0 0 1 0 0 0]
[0 0 0 0 0 0 1 0 0]
[0 0 0 0 0 0 0 1 0]


[0 0 1 0 0 0 0 0 0]
[1 0 0 0 0 0 0 0 0]
[0 1 1 0 0 0 0 0 0]
[0 0 0 0 0 0 0 0 1]
[0 0 0 1 0 0 0 0 1]
[0 0 0 0 1 0 0 0 1]
[0 0 0 0 0 1 0 0 1]
[0 0 0 0 0 0 1 0 1]
[0 0 0 0 0 0 0 1 1]


31
[1 0 0 0 0 0 0 0 0]
[0 1 0 0 0 0 0 0 0]
[0 0 0 0 0 0 0 0 1]
[0 0 1 0 0 0 0 0 0]
[0 0 0 1 0 0 0 0 0]
[0 0 0 0 1 0 0 0 0]
[0 0 0 0 0 1 0 0 0]
[0 0 0 0 0 0 1 0 0]
[0 0 0 0 0 0 0 1 0]


[1 0 0 0 0 0 0 0 0]
[0 0 0 0 1 0 0 0 0]
[0 1 0 0 0 0 0 0 0]
[0 0 1 0 1 0 0 0 0]
[0 0 0 1 1 0 0 0 0]
[0 0 0 0 0 0 0 0 1]
[0 0 0 0 0 1 0 0 0]
[0 0 0 0 0 0 1 0 1]
[0 0 0 0 0 0 0 1 1]


32
[1 0 0 0 0 0 0 0 0]
[0 1 0 0 0 0 0 0 0]
[0 0 0 0 0 0 0 0 1]
[0 0 1 0 0 0 0 0 0]
[0 0 0 1 0 0 0 0 0]
[0 0 0 0 1 0 0 0 0]
[0 0 0 0 0 1 0 0 0]
[0 0 0 0 0 0 1 0 0]
[0 0 0 0 0 0 0 1 0]


[1 0 0 0 0 0 0 0 0]
[0 1 0 0 0 0 0 0 0]
[0 0 1 0 0 0 0 0 0]
[0 0 0 1 0 0 0 0 0]
[0 0 0 0 1 0 0 0 0]
[0 0 0 0 0 0 0 0 1]
[0 0 0 0 0 1 0 0 0]
[0 0 0 0 0 0 1 0 1]
[0 0 0 0 0 0 0 1 1]


33
[1 0 0 0 0 0 0 0 0]
[0 1 0 0 0 0 0 0 0]
[0 0 0 0 0 0 0 0 1]
[0 0 1 0 0 0 0 0 0]
[0 0 0 1 0 0 0 0 0]
[0 0 0 0 1 0 0 0 0]
[0 0 0 0 0 1 0 0 0]
[0 0 0 0 0 0 1 0 0]
[0 0 0 0 0 0 0 1 0]


[0 0 1 0 0 0 0 0 0]
[1 0 0 0 0 0 0 0 0]
[0 1 1 0 0 0 0 0 0]
[0 0 0 0 0 1 0 0 0]
[0 0 0 1 0 0 0 0 0]
[0 0 0 0 1 1 0 0 0]
[0 0 0 0 0 0 0 0 1]
[0 0 0 0 0 0 1 0 0]
[0 0 0 0 0 0 0 1 1]


34
[0 0 1 0 0 0 0 0 0]
[1 0 0 0 0 0 0 0 0]
[0 1 1 0 0 0 0 0 0]
[0 0 0 0 0 0 0 0 1]
[0 0 0 1 0 0 0 0 1]
[0 0 0 0 1 0 0 0 1]
[0 0 0 0 0 1 0 0 1]
[0 0 0 0 0 0 1 0 1]
[0 0 0 0 0 0 0 1 1]


[1 0 0 0 0 0 0 0 0]
[0 1 0 0 0 0 0 0 0]
[0 0 0 0 0 0 0 0 1]
[0 0 1 0 0 0 0 0 0]
[0 0 0 1 0 0 0 0 0]
[0 0 0 0 1 0 0 0 0]
[0 0 0 0 0 1 0 0 0]
[0 0 0 0 0 0 1 0 0]
[0 0 0 0 0 0 0 1 0]


35
[0 0 1 0 0 0 0 0 0]
[1 0 0 0 0 0 0 0 0]
[0 1 1 0 0 0 0 0 0]
[0 0 0 0 0 0 0 0 1]
[0 0 0 1 0 0 0 0 1]
[0 0 0 0 1 0 0 0 1]
[0 0 0 0 0 1 0 0 1]
[0 0 0 0 0 0 1 0 1]
[0 0 0 0 0 0 0 1 1]


[0 0 1 0 0 0 0 0 0]
[1 0 1 0 0 0 0 0 0]
[0 1 0 0 0 0 0 0 0]
[0 0 0 0 0 0 0 0 1]
[0 0 0 1 0 0 0 0 1]
[0 0 0 0 1 0 0 0 1]
[0 0 0 0 0 1 0 0 1]
[0 0 0 0 0 0 1 0 1]
[0 0 0 0 0 0 0 1 1]


36
[0 0 1 0 0 0 0 0 0]
[1 0 0 0 0 0 0 0 0]
[0 1 1 0 0 0 0 0 0]
[0 0 0 0 0 0 0 0 1]
[0 0 0 1 0 0 0 0 1]
[0 0 0 0 1 0 0 0 1]
[0 0 0 0 0 1 0 0 1]
[0 0 0 0 0 0 1 0 1]
[0 0 0 0 0 0 0 1 1]


[0 0 1 0 0 0 0 0 0]
[1 0 0 0 0 0 0 0 0]
[0 1 1 0 0 0 0 0 0]
[0 0 0 0 0 0 0 0 1]
[0 0 0 1 0 0 0 0 1]
[0 0 0 0 1 0 0 0 1]
[0 0 0 0 0 1 0 0 1]
[0 0 0 0 0 0 1 0 1]
[0 0 0 0 0 0 0 1 1]


37
[0 0 1 0 0 0 0 0 0]
[1 0 0 0 0 0 0 0 0]
[0 1 1 0 0 0 0 0 0]
[0 0 0 0 0 0 0 0 1]
[0 0 0 1 0 0 0 0 1]
[0 0 0 0 1 0 0 0 1]
[0 0 0 0 0 1 0 0 1]
[0 0 0 0 0 0 1 0 1]
[0 0 0 0 0 0 0 1 1]


[1 0 0 0 0 0 0 0 0]
[0 0 0 0 1 0 0 0 0]
[0 1 0 0 1 0 0 0 0]
[0 0 1 0 1 0 0 0 0]
[0 0 0 1 0 0 0 0 0]
[0 0 0 0 0 0 0 0 1]
[0 0 0 0 0 1 0 0 1]
[0 0 0 0 0 0 1 0 1]
[0 0 0 0 0 0 0 1 0]


38
[0 0 1 0 0 0 0 0 0]
[1 0 0 0 0 0 0 0 0]
[0 1 1 0 0 0 0 0 0]
[0 0 0 0 0 0 0 0 1]
[0 0 0 1 0 0 0 0 1]
[0 0 0 0 1 0 0 0 1]
[0 0 0 0 0 1 0 0 1]
[0 0 0 0 0 0 1 0 1]
[0 0 0 0 0 0 0 1 1]


[1 0 0 0 0 0 0 0 0]
[0 0 0 0 1 0 0 0 0]
[0 1 0 0 0 0 0 0 0]
[0 0 1 0 1 0 0 0 0]
[0 0 0 1 1 0 0 0 0]
[0 0 0 0 0 0 0 0 1]
[0 0 0 0 0 1 0 0 0]
[0 0 0 0 0 0 1 0 1]
[0 0 0 0 0 0 0 1 1]


39
[0 0 1 0 0 0 0 0 0]
[1 0 0 0 0 0 0 0 0]
[0 1 1 0 0 0 0 0 0]
[0 0 0 0 0 0 0 0 1]
[0 0 0 1 0 0 0 0 1]
[0 0 0 0 1 0 0 0 1]
[0 0 0 0 0 1 0 0 1]
[0 0 0 0 0 0 1 0 1]
[0 0 0 0 0 0 0 1 1]


[1 0 0 0 0 0 0 0 0]
[0 1 0 0 0 0 0 0 0]
[0 0 1 0 0 0 0 0 0]
[0 0 0 1 0 0 0 0 0]
[0 0 0 0 1 0 0 0 0]
[0 0 0 0 0 0 0 0 1]
[0 0 0 0 0 1 0 0 1]
[0 0 0 0 0 0 1 0 1]
[0 0 0 0 0 0 0 1 0]


40
[0 0 1 0 0 0 0 0 0]
[1 0 0 0 0 0 0 0 0]
[0 1 1 0 0 0 0 0 0]
[0 0 0 0 0 0 0 0 1]
[0 0 0 1 0 0 0 0 1]
[0 0 0 0 1 0 0 0 1]
[0 0 0 0 0 1 0 0 1]
[0 0 0 0 0 0 1 0 1]
[0 0 0 0 0 0 0 1 1]


[1 0 0 0 0 0 0 0 0]
[0 1 0 0 0 0 0 0 0]
[0 0 1 0 0 0 0 0 0]
[0 0 0 1 0 0 0 0 0]
[0 0 0 0 1 0 0 0 0]
[0 0 0 0 0 0 0 0 1]
[0 0 0 0 0 1 0 0 0]
[0 0 0 0 0 0 1 0 1]
[0 0 0 0 0 0 0 1 1]


41
[0 0 1 0 0 0 0 0 0]
[1 0 0 0 0 0 0 0 0]
[0 1 1 0 0 0 0 0 0]
[0 0 0 0 0 0 0 0 1]
[0 0 0 1 0 0 0 0 1]
[0 0 0 0 1 0 0 0 1]
[0 0 0 0 0 1 0 0 1]
[0 0 0 0 0 0 1 0 1]
[0 0 0 0 0 0 0 1 1]


[0 0 1 0 0 0 0 0 0]
[1 0 1 0 0 0 0 0 0]
[0 1 0 0 0 0 0 0 0]
[0 0 0 0 0 1 0 0 0]
[0 0 0 1 0 1 0 0 0]
[0 0 0 0 1 0 0 0 0]
[0 0 0 0 0 0 0 0 1]
[0 0 0 0 0 0 1 0 1]
[0 0 0 0 0 0 0 1 0]


42
[0 0 1 0 0 0 0 0 0]
[1 0 0 0 0 0 0 0 0]
[0 1 1 0 0 0 0 0 0]
[0 0 0 0 0 0 0 0 1]
[0 0 0 1 0 0 0 0 1]
[0 0 0 0 1 0 0 0 1]
[0 0 0 0 0 1 0 0 1]
[0 0 0 0 0 0 1 0 1]
[0 0 0 0 0 0 0 1 1]


[0 0 1 0 0 0 0 0 0]
[1 0 0 0 0 0 0 0 0]
[0 1 1 0 0 0 0 0 0]
[0 0 0 0 0 1 0 0 0]
[0 0 0 1 0 0 0 0 0]
[0 0 0 0 1 1 0 0 0]
[0 0 0 0 0 0 0 0 1]
[0 0 0 0 0 0 1 0 0]
[0 0 0 0 0 0 0 1 1]


43
[1 0 0 0 0 0 0 0 0]
[0 1 0 0 0 0 0 0 0]
[0 0 1 0 0 0 0 0 0]
[0 0 0 0 0 0 0 0 1]
[0 0 0 1 0 0 0 0 1]
[0 0 0 0 1 0 0 0 0]
[0 0 0 0 0 1 0 0 1]
[0 0 0 0 0 0 1 0 1]
[0 0 0 0 0 0 0 1 1]


[1 0 0 0 0 0 0 0 0]
[0 1 0 0 0 0 0 0 0]
[0 0 1 0 0 0 0 0 0]
[0 0 0 0 0 0 0 0 1]
[0 0 0 1 0 0 0 0 1]
[0 0 0 0 1 0 0 0 1]
[0 0 0 0 0 1 0 0 0]
[0 0 0 0 0 0 1 0 0]
[0 0 0 0 0 0 0 1 0]


44
[1 0 0 0 0 0 0 0 0]
[0 1 0 0 0 0 0 0 0]
[0 0 1 0 0 0 0 0 0]
[0 0 0 0 0 0 0 0 1]
[0 0 0 1 0 0 0 0 1]
[0 0 0 0 1 0 0 0 0]
[0 0 0 0 0 1 0 0 1]
[0 0 0 0 0 0 1 0 1]
[0 0 0 0 0 0 0 1 1]


[1 0 0 0 0 0 0 0 0]
[0 1 0 0 0 0 0 0 0]
[0 0 1 0 0 0 0 0 0]
[0 0 0 0 0 0 0 0 1]
[0 0 0 1 0 0 0 0 0]
[0 0 0 0 1 0 0 0 1]
[0 0 0 0 0 1 0 0 1]
[0 0 0 0 0 0 1 0 0]
[0 0 0 0 0 0 0 1 0]


45
[1 0 0 0 0 0 0 0 0]
[0 1 0 0 0 0 0 0 0]
[0 0 1 0 0 0 0 0 0]
[0 0 0 0 0 0 0 0 1]
[0 0 0 1 0 0 0 0 1]
[0 0 0 0 1 0 0 0 0]
[0 0 0 0 0 1 0 0 1]
[0 0 0 0 0 0 1 0 1]
[0 0 0 0 0 0 0 1 1]


[1 0 0 0 0 0 0 0 0]
[0 1 0 0 0 0 0 0 0]
[0 0 1 0 0 0 0 0 0]
[0 0 0 0 0 0 0 0 1]
[0 0 0 1 0 0 0 0 0]
[0 0 0 0 1 0 0 0 0]
[0 0 0 0 0 1 0 0 1]
[0 0 0 0 0 0 1 0 1]
[0 0 0 0 0 0 0 1 0]


46
[1 0 0 0 0 0 0 0 0]
[0 1 0 0 0 0 0 0 0]
[0 0 1 0 0 0 0 0 0]
[0 0 0 0 0 0 0 0 1]
[0 0 0 1 0 0 0 0 1]
[0 0 0 0 1 0 0 0 0]
[0 0 0 0 0 1 0 0 1]
[0 0 0 0 0 0 1 0 1]
[0 0 0 0 0 0 0 1 1]


[1 0 0 0 0 0 0 0 0]
[0 1 0 0 0 0 0 0 0]
[0 0 1 0 0 0 0 0 0]
[0 0 0 0 0 0 0 0 1]
[0 0 0 1 0 0 0 0 1]
[0 0 0 0 1 0 0 0 1]
[0 0 0 0 0 1 0 0 1]
[0 0 0 0 0 0 1 0 0]
[0 0 0 0 0 0 0 1 1]


47
[1 0 0 0 0 0 0 0 0]
[0 1 0 0 0 0 0 0 0]
[0 0 1 0 0 0 0 0 0]
[0 0 0 0 0 0 0 0 1]
[0 0 0 1 0 0 0 0 1]
[0 0 0 0 1 0 0 0 0]
[0 0 0 0 0 1 0 0 1]
[0 0 0 0 0 0 1 0 1]
[0 0 0 0 0 0 0 1 1]


[1 0 0 0 0 0 0 0 0]
[0 1 0 0 0 0 0 0 0]
[0 0 1 0 0 0 0 0 0]
[0 0 0 0 0 0 0 0 1]
[0 0 0 1 0 0 0 0 0]
[0 0 0 0 1 0 0 0 0]
[0 0 0 0 0 1 0 0 0]
[0 0 0 0 0 0 1 0 1]
[0 0 0 0 0 0 0 1 1]


48
[1 0 0 0 0 0 0 0 0]
[0 1 0 0 0 0 0 0 0]
[0 0 1 0 0 0 0 0 0]
[0 0 0 0 0 0 0 0 1]
[0 0 0 1 0 0 0 0 1]
[0 0 0 0 1 0 0 0 0]
[0 0 0 0 0 1 0 0 1]
[0 0 0 0 0 0 1 0 1]
[0 0 0 0 0 0 0 1 1]


[1 0 0 0 0 0 0 0 0]
[0 1 0 0 0 0 0 0 0]
[0 0 1 0 0 0 0 0 0]
[0 0 0 0 0 0 0 0 1]
[0 0 0 1 0 0 0 0 1]
[0 0 0 0 1 0 0 0 0]
[0 0 0 0 0 1 0 0 1]
[0 0 0 0 0 0 1 0 1]
[0 0 0 0 0 0 0 1 1]


49
[0 0 0 1 0 0 0 0 0]
[1 0 0 1 0 0 0 0 0]
[0 1 0 1 0 0 0 0 0]
[0 0 1 1 0 0 0 0 0]
[0 0 0 0 0 0 0 0 1]
[0 0 0 0 1 0 0 0 0]
[0 0 0 0 0 1 0 0 0]
[0 0 0 0 0 0 1 0 0]
[0 0 0 0 0 0 0 1 0]


[0 0 0 1 0 0 0 0 0]
[1 0 0 1 0 0 0 0 0]
[0 1 0 1 0 0 0 0 0]
[0 0 1 1 0 0 0 0 0]
[0 0 0 0 0 0 0 0 1]
[0 0 0 0 1 0 0 0 0]
[0 0 0 0 0 1 0 0 0]
[0 0 0 0 0 0 1 0 0]
[0 0 0 0 0 0 0 1 0]


50
[0 0 0 1 0 0 0 0 0]
[1 0 0 1 0 0 0 0 0]
[0 1 0 1 0 0 0 0 0]
[0 0 1 1 0 0 0 0 0]
[0 0 0 0 0 0 0 0 1]
[0 0 0 0 1 0 0 0 0]
[0 0 0 0 0 1 0 0 0]
[0 0 0 0 0 0 1 0 0]
[0 0 0 0 0 0 0 1 0]


[1 0 0 0 0 0 0 0 0]
[0 1 0 0 0 0 0 0 0]
[0 0 1 0 0 0 0 0 0]
[0 0 0 1 0 0 0 0 0]
[0 0 0 0 0 0 0 0 1]
[0 0 0 0 1 0 0 0 0]
[0 0 0 0 0 1 0 0 0]
[0 0 0 0 0 0 1 0 0]
[0 0 0 0 0 0 0 1 0]


51
[1 0 0 0 0 0 0 0 0]
[0 1 0 0 0 0 0 0 0]
[0 0 1 0 0 0 0 0 0]
[0 0 0 1 0 0 0 0 0]
[0 0 0 0 0 0 0 0 1]
[0 0 0 0 1 0 0 0 0]
[0 0 0 0 0 1 0 0 0]
[0 0 0 0 0 0 1 0 0]
[0 0 0 0 0 0 0 1 0]


[0 0 0 1 0 0 0 0 0]
[1 0 0 1 0 0 0 0 0]
[0 1 0 1 0 0 0 0 0]
[0 0 1 1 0 0 0 0 0]
[0 0 0 0 0 0 0 0 1]
[0 0 0 0 1 0 0 0 0]
[0 0 0 0 0 1 0 0 0]
[0 0 0 0 0 0 1 0 0]
[0 0 0 0 0 0 0 1 0]


52
[1 0 0 0 0 0 0 0 0]
[0 1 0 0 0 0 0 0 0]
[0 0 1 0 0 0 0 0 0]
[0 0 0 1 0 0 0 0 0]
[0 0 0 0 0 0 0 0 1]
[0 0 0 0 1 0 0 0 0]
[0 0 0 0 0 1 0 0 0]
[0 0 0 0 0 0 1 0 0]
[0 0 0 0 0 0 0 1 0]


[1 0 0 0 0 0 0 0 0]
[0 1 0 0 0 0 0 0 0]
[0 0 1 0 0 0 0 0 0]
[0 0 0 1 0 0 0 0 0]
[0 0 0 0 0 0 0 0 1]
[0 0 0 0 1 0 0 0 0]
[0 0 0 0 0 1 0 0 0]
[0 0 0 0 0 0 1 0 0]
[0 0 0 0 0 0 0 1 0]


53
[1 0 0 0 0 0 0 0 0]
[0 0 0 0 1 0 0 0 0]
[0 1 0 0 0 0 0 0 0]
[0 0 1 0 1 0 0 0 0]
[0 0 0 1 1 0 0 0 0]
[0 0 0 0 0 0 0 0 1]
[0 0 0 0 0 1 0 0 0]
[0 0 0 0 0 0 1 0 1]
[0 0 0 0 0 0 0 1 1]


[1 0 0 0 0 0 0 0 0]
[0 1 0 0 0 0 0 0 0]
[0 0 0 0 0 0 0 0 1]
[0 0 1 0 0 0 0 0 0]
[0 0 0 1 0 0 0 0 0]
[0 0 0 0 1 0 0 0 0]
[0 0 0 0 0 1 0 0 0]
[0 0 0 0 0 0 1 0 0]
[0 0 0 0 0 0 0 1 0]


54
[1 0 0 0 0 0 0 0 0]
[0 0 0 0 1 0 0 0 0]
[0 1 0 0 0 0 0 0 0]
[0 0 1 0 1 0 0 0 0]
[0 0 0 1 1 0 0 0 0]
[0 0 0 0 0 0 0 0 1]
[0 0 0 0 0 1 0 0 0]
[0 0 0 0 0 0 1 0 1]
[0 0 0 0 0 0 0 1 1]


[0 0 1 0 0 0 0 0 0]
[1 0 1 0 0 0 0 0 0]
[0 1 0 0 0 0 0 0 0]
[0 0 0 0 0 0 0 0 1]
[0 0 0 1 0 0 0 0 1]
[0 0 0 0 1 0 0 0 1]
[0 0 0 0 0 1 0 0 1]
[0 0 0 0 0 0 1 0 1]
[0 0 0 0 0 0 0 1 1]


55
[1 0 0 0 0 0 0 0 0]
[0 0 0 0 1 0 0 0 0]
[0 1 0 0 0 0 0 0 0]
[0 0 1 0 1 0 0 0 0]
[0 0 0 1 1 0 0 0 0]
[0 0 0 0 0 0 0 0 1]
[0 0 0 0 0 1 0 0 0]
[0 0 0 0 0 0 1 0 1]
[0 0 0 0 0 0 0 1 1]


[0 0 1 0 0 0 0 0 0]
[1 0 0 0 0 0 0 0 0]
[0 1 1 0 0 0 0 0 0]
[0 0 0 0 0 0 0 0 1]
[0 0 0 1 0 0 0 0 1]
[0 0 0 0 1 0 0 0 1]
[0 0 0 0 0 1 0 0 1]
[0 0 0 0 0 0 1 0 1]
[0 0 0 0 0 0 0 1 1]


56
[1 0 0 0 0 0 0 0 0]
[0 0 0 0 1 0 0 0 0]
[0 1 0 0 0 0 0 0 0]
[0 0 1 0 1 0 0 0 0]
[0 0 0 1 1 0 0 0 0]
[0 0 0 0 0 0 0 0 1]
[0 0 0 0 0 1 0 0 0]
[0 0 0 0 0 0 1 0 1]
[0 0 0 0 0 0 0 1 1]


[1 0 0 0 0 0 0 0 0]
[0 0 0 0 1 0 0 0 0]
[0 1 0 0 1 0 0 0 0]
[0 0 1 0 1 0 0 0 0]
[0 0 0 1 0 0 0 0 0]
[0 0 0 0 0 0 0 0 1]
[0 0 0 0 0 1 0 0 1]
[0 0 0 0 0 0 1 0 1]
[0 0 0 0 0 0 0 1 0]


57
[1 0 0 0 0 0 0 0 0]
[0 0 0 0 1 0 0 0 0]
[0 1 0 0 0 0 0 0 0]
[0 0 1 0 1 0 0 0 0]
[0 0 0 1 1 0 0 0 0]
[0 0 0 0 0 0 0 0 1]
[0 0 0 0 0 1 0 0 0]
[0 0 0 0 0 0 1 0 1]
[0 0 0 0 0 0 0 1 1]


[1 0 0 0 0 0 0 0 0]
[0 0 0 0 1 0 0 0 0]
[0 1 0 0 0 0 0 0 0]
[0 0 1 0 1 0 0 0 0]
[0 0 0 1 1 0 0 0 0]
[0 0 0 0 0 0 0 0 1]
[0 0 0 0 0 1 0 0 0]
[0 0 0 0 0 0 1 0 1]
[0 0 0 0 0 0 0 1 1]


58
[1 0 0 0 0 0 0 0 0]
[0 0 0 0 1 0 0 0 0]
[0 1 0 0 0 0 0 0 0]
[0 0 1 0 1 0 0 0 0]
[0 0 0 1 1 0 0 0 0]
[0 0 0 0 0 0 0 0 1]
[0 0 0 0 0 1 0 0 0]
[0 0 0 0 0 0 1 0 1]
[0 0 0 0 0 0 0 1 1]


[1 0 0 0 0 0 0 0 0]
[0 1 0 0 0 0 0 0 0]
[0 0 1 0 0 0 0 0 0]
[0 0 0 1 0 0 0 0 0]
[0 0 0 0 1 0 0 0 0]
[0 0 0 0 0 0 0 0 1]
[0 0 0 0 0 1 0 0 1]
[0 0 0 0 0 0 1 0 1]
[0 0 0 0 0 0 0 1 0]


59
[1 0 0 0 0 0 0 0 0]
[0 0 0 0 1 0 0 0 0]
[0 1 0 0 0 0 0 0 0]
[0 0 1 0 1 0 0 0 0]
[0 0 0 1 1 0 0 0 0]
[0 0 0 0 0 0 0 0 1]
[0 0 0 0 0 1 0 0 0]
[0 0 0 0 0 0 1 0 1]
[0 0 0 0 0 0 0 1 1]


[1 0 0 0 0 0 0 0 0]
[0 1 0 0 0 0 0 0 0]
[0 0 1 0 0 0 0 0 0]
[0 0 0 1 0 0 0 0 0]
[0 0 0 0 1 0 0 0 0]
[0 0 0 0 0 0 0 0 1]
[0 0 0 0 0 1 0 0 0]
[0 0 0 0 0 0 1 0 1]
[0 0 0 0 0 0 0 1 1]


60
[1 0 0 0 0 0 0 0 0]
[0 0 0 0 1 0 0 0 0]
[0 1 0 0 0 0 0 0 0]
[0 0 1 0 1 0 0 0 0]
[0 0 0 1 1 0 0 0 0]
[0 0 0 0 0 0 0 0 1]
[0 0 0 0 0 1 0 0 0]
[0 0 0 0 0 0 1 0 1]
[0 0 0 0 0 0 0 1 1]


[0 0 1 0 0 0 0 0 0]
[1 0 1 0 0 0 0 0 0]
[0 1 0 0 0 0 0 0 0]
[0 0 0 0 0 1 0 0 0]
[0 0 0 1 0 1 0 0 0]
[0 0 0 0 1 0 0 0 0]
[0 0 0 0 0 0 0 0 1]
[0 0 0 0 0 0 1 0 1]
[0 0 0 0 0 0 0 1 0]


61
[1 0 0 0 0 0 0 0 0]
[0 0 0 0 1 0 0 0 0]
[0 1 0 0 0 0 0 0 0]
[0 0 1 0 1 0 0 0 0]
[0 0 0 1 1 0 0 0 0]
[0 0 0 0 0 0 0 0 1]
[0 0 0 0 0 1 0 0 0]
[0 0 0 0 0 0 1 0 1]
[0 0 0 0 0 0 0 1 1]


[0 0 1 0 0 0 0 0 0]
[1 0 0 0 0 0 0 0 0]
[0 1 1 0 0 0 0 0 0]
[0 0 0 0 0 1 0 0 0]
[0 0 0 1 0 0 0 0 0]
[0 0 0 0 1 1 0 0 0]
[0 0 0 0 0 0 0 0 1]
[0 0 0 0 0 0 1 0 0]
[0 0 0 0 0 0 0 1 1]


62
[1 0 0 0 0 0 0 0 0]
[0 1 0 0 0 0 0 0 0]
[0 0 1 0 0 0 0 0 0]
[0 0 0 1 0 0 0 0 0]
[0 0 0 0 1 0 0 0 0]
[0 0 0 0 0 0 0 0 1]
[0 0 0 0 0 1 0 0 0]
[0 0 0 0 0 0 1 0 1]
[0 0 0 0 0 0 0 1 1]


[1 0 0 0 0 0 0 0 0]
[0 1 0 0 0 0 0 0 0]
[0 0 0 0 0 0 0 0 1]
[0 0 1 0 0 0 0 0 0]
[0 0 0 1 0 0 0 0 0]
[0 0 0 0 1 0 0 0 0]
[0 0 0 0 0 1 0 0 0]
[0 0 0 0 0 0 1 0 0]
[0 0 0 0 0 0 0 1 0]


63
[1 0 0 0 0 0 0 0 0]
[0 1 0 0 0 0 0 0 0]
[0 0 1 0 0 0 0 0 0]
[0 0 0 1 0 0 0 0 0]
[0 0 0 0 1 0 0 0 0]
[0 0 0 0 0 0 0 0 1]
[0 0 0 0 0 1 0 0 0]
[0 0 0 0 0 0 1 0 1]
[0 0 0 0 0 0 0 1 1]


[0 0 1 0 0 0 0 0 0]
[1 0 1 0 0 0 0 0 0]
[0 1 0 0 0 0 0 0 0]
[0 0 0 0 0 0 0 0 1]
[0 0 0 1 0 0 0 0 1]
[0 0 0 0 1 0 0 0 1]
[0 0 0 0 0 1 0 0 1]
[0 0 0 0 0 0 1 0 1]
[0 0 0 0 0 0 0 1 1]


64
[1 0 0 0 0 0 0 0 0]
[0 1 0 0 0 0 0 0 0]
[0 0 1 0 0 0 0 0 0]
[0 0 0 1 0 0 0 0 0]
[0 0 0 0 1 0 0 0 0]
[0 0 0 0 0 0 0 0 1]
[0 0 0 0 0 1 0 0 0]
[0 0 0 0 0 0 1 0 1]
[0 0 0 0 0 0 0 1 1]


[0 0 1 0 0 0 0 0 0]
[1 0 0 0 0 0 0 0 0]
[0 1 1 0 0 0 0 0 0]
[0 0 0 0 0 0 0 0 1]
[0 0 0 1 0 0 0 0 1]
[0 0 0 0 1 0 0 0 1]
[0 0 0 0 0 1 0 0 1]
[0 0 0 0 0 0 1 0 1]
[0 0 0 0 0 0 0 1 1]


65
[1 0 0 0 0 0 0 0 0]
[0 1 0 0 0 0 0 0 0]
[0 0 1 0 0 0 0 0 0]
[0 0 0 1 0 0 0 0 0]
[0 0 0 0 1 0 0 0 0]
[0 0 0 0 0 0 0 0 1]
[0 0 0 0 0 1 0 0 0]
[0 0 0 0 0 0 1 0 1]
[0 0 0 0 0 0 0 1 1]


[1 0 0 0 0 0 0 0 0]
[0 0 0 0 1 0 0 0 0]
[0 1 0 0 1 0 0 0 0]
[0 0 1 0 1 0 0 0 0]
[0 0 0 1 0 0 0 0 0]
[0 0 0 0 0 0 0 0 1]
[0 0 0 0 0 1 0 0 1]
[0 0 0 0 0 0 1 0 1]
[0 0 0 0 0 0 0 1 0]


66
[1 0 0 0 0 0 0 0 0]
[0 1 0 0 0 0 0 0 0]
[0 0 1 0 0 0 0 0 0]
[0 0 0 1 0 0 0 0 0]
[0 0 0 0 1 0 0 0 0]
[0 0 0 0 0 0 0 0 1]
[0 0 0 0 0 1 0 0 0]
[0 0 0 0 0 0 1 0 1]
[0 0 0 0 0 0 0 1 1]


[1 0 0 0 0 0 0 0 0]
[0 0 0 0 1 0 0 0 0]
[0 1 0 0 0 0 0 0 0]
[0 0 1 0 1 0 0 0 0]
[0 0 0 1 1 0 0 0 0]
[0 0 0 0 0 0 0 0 1]
[0 0 0 0 0 1 0 0 0]
[0 0 0 0 0 0 1 0 1]
[0 0 0 0 0 0 0 1 1]


67
[1 0 0 0 0 0 0 0 0]
[0 1 0 0 0 0 0 0 0]
[0 0 1 0 0 0 0 0 0]
[0 0 0 1 0 0 0 0 0]
[0 0 0 0 1 0 0 0 0]
[0 0 0 0 0 0 0 0 1]
[0 0 0 0 0 1 0 0 0]
[0 0 0 0 0 0 1 0 1]
[0 0 0 0 0 0 0 1 1]


[1 0 0 0 0 0 0 0 0]
[0 1 0 0 0 0 0 0 0]
[0 0 1 0 0 0 0 0 0]
[0 0 0 1 0 0 0 0 0]
[0 0 0 0 1 0 0 0 0]
[0 0 0 0 0 0 0 0 1]
[0 0 0 0 0 1 0 0 1]
[0 0 0 0 0 0 1 0 1]
[0 0 0 0 0 0 0 1 0]


68
[1 0 0 0 0 0 0 0 0]
[0 1 0 0 0 0 0 0 0]
[0 0 1 0 0 0 0 0 0]
[0 0 0 1 0 0 0 0 0]
[0 0 0 0 1 0 0 0 0]
[0 0 0 0 0 0 0 0 1]
[0 0 0 0 0 1 0 0 0]
[0 0 0 0 0 0 1 0 1]
[0 0 0 0 0 0 0 1 1]


[1 0 0 0 0 0 0 0 0]
[0 1 0 0 0 0 0 0 0]
[0 0 1 0 0 0 0 0 0]
[0 0 0 1 0 0 0 0 0]
[0 0 0 0 1 0 0 0 0]
[0 0 0 0 0 0 0 0 1]
[0 0 0 0 0 1 0 0 0]
[0 0 0 0 0 0 1 0 1]
[0 0 0 0 0 0 0 1 1]


69
[1 0 0 0 0 0 0 0 0]
[0 1 0 0 0 0 0 0 0]
[0 0 1 0 0 0 0 0 0]
[0 0 0 1 0 0 0 0 0]
[0 0 0 0 1 0 0 0 0]
[0 0 0 0 0 0 0 0 1]
[0 0 0 0 0 1 0 0 0]
[0 0 0 0 0 0 1 0 1]
[0 0 0 0 0 0 0 1 1]


[0 0 1 0 0 0 0 0 0]
[1 0 1 0 0 0 0 0 0]
[0 1 0 0 0 0 0 0 0]
[0 0 0 0 0 1 0 0 0]
[0 0 0 1 0 1 0 0 0]
[0 0 0 0 1 0 0 0 0]
[0 0 0 0 0 0 0 0 1]
[0 0 0 0 0 0 1 0 1]
[0 0 0 0 0 0 0 1 0]


70
[1 0 0 0 0 0 0 0 0]
[0 1 0 0 0 0 0 0 0]
[0 0 1 0 0 0 0 0 0]
[0 0 0 1 0 0 0 0 0]
[0 0 0 0 1 0 0 0 0]
[0 0 0 0 0 0 0 0 1]
[0 0 0 0 0 1 0 0 0]
[0 0 0 0 0 0 1 0 1]
[0 0 0 0 0 0 0 1 1]


[0 0 1 0 0 0 0 0 0]
[1 0 0 0 0 0 0 0 0]
[0 1 1 0 0 0 0 0 0]
[0 0 0 0 0 1 0 0 0]
[0 0 0 1 0 0 0 0 0]
[0 0 0 0 1 1 0 0 0]
[0 0 0 0 0 0 0 0 1]
[0 0 0 0 0 0 1 0 0]
[0 0 0 0 0 0 0 1 1]


71
[0 0 1 0 0 0 0 0 0]
[1 0 0 0 0 0 0 0 0]
[0 1 0 0 0 0 0 0 0]
[0 0 0 0 0 1 0 0 0]
[0 0 0 1 0 0 0 0 0]
[0 0 0 0 1 0 0 0 0]
[0 0 0 0 0 0 0 0 1]
[0 0 0 0 0 0 1 0 0]
[0 0 0 0 0 0 0 1 0]


[0 0 1 0 0 0 0 0 0]
[1 0 0 0 0 0 0 0 0]
[0 1 0 0 0 0 0 0 0]
[0 0 0 0 0 1 0 0 0]
[0 0 0 1 0 0 0 0 0]
[0 0 0 0 1 0 0 0 0]
[0 0 0 0 0 0 0 0 1]
[0 0 0 0 0 0 1 0 0]
[0 0 0 0 0 0 0 1 0]


72
[0 0 1 0 0 0 0 0 0]
[1 0 0 0 0 0 0 0 0]
[0 1 0 0 0 0 0 0 0]
[0 0 0 0 0 1 0 0 0]
[0 0 0 1 0 0 0 0 0]
[0 0 0 0 1 0 0 0 0]
[0 0 0 0 0 0 0 0 1]
[0 0 0 0 0 0 1 0 0]
[0 0 0 0 0 0 0 1 0]


[1 0 0 0 0 0 0 0 0]
[0 1 0 0 0 0 0 0 0]
[0 0 1 0 0 0 0 0 0]
[0 0 0 0 0 1 0 0 0]
[0 0 0 1 0 0 0 0 0]
[0 0 0 0 1 0 0 0 0]
[0 0 0 0 0 0 0 0 1]
[0 0 0 0 0 0 1 0 0]
[0 0 0 0 0 0 0 1 0]


73
[0 0 1 0 0 0 0 0 0]
[1 0 0 0 0 0 0 0 0]
[0 1 0 0 0 0 0 0 0]
[0 0 0 0 0 1 0 0 0]
[0 0 0 1 0 0 0 0 0]
[0 0 0 0 1 0 0 0 0]
[0 0 0 0 0 0 0 0 1]
[0 0 0 0 0 0 1 0 0]
[0 0 0 0 0 0 0 1 0]


[0 1 0 0 0 0 0 0 0]
[1 1 0 0 0 0 0 0 0]
[0 0 0 1 0 0 0 0 0]
[0 0 1 1 0 0 0 0 0]
[0 0 0 0 0 1 0 0 0]
[0 0 0 0 1 1 0 0 0]
[0 0 0 0 0 0 0 0 1]
[0 0 0 0 0 0 1 0 0]
[0 0 0 0 0 0 0 1 0]


74
[0 0 1 0 0 0 0 0 0]
[1 0 0 0 0 0 0 0 0]
[0 1 0 0 0 0 0 0 0]
[0 0 0 0 0 1 0 0 0]
[0 0 0 1 0 0 0 0 0]
[0 0 0 0 1 0 0 0 0]
[0 0 0 0 0 0 0 0 1]
[0 0 0 0 0 0 1 0 0]
[0 0 0 0 0 0 0 1 0]


[1 0 0 0 0 0 0 0 0]
[0 1 0 0 0 0 0 0 0]
[0 0 1 0 0 0 0 0 0]
[0 0 0 1 0 0 0 0 0]
[0 0 0 0 1 0 0 0 0]
[0 0 0 0 0 1 0 0 0]
[0 0 0 0 0 0 0 0 1]
[0 0 0 0 0 0 1 0 0]
[0 0 0 0 0 0 0 1 0]


75
[0 0 1 0 0 0 0 0 0]
[1 0 0 0 0 0 0 0 0]
[0 1 1 0 0 0 0 0 0]
[0 0 0 0 0 1 0 0 0]
[0 0 0 1 0 0 0 0 0]
[0 0 0 0 1 1 0 0 0]
[0 0 0 0 0 0 0 0 1]
[0 0 0 0 0 0 1 0 0]
[0 0 0 0 0 0 0 1 1]


[1 0 0 0 0 0 0 0 0]
[0 1 0 0 0 0 0 0 0]
[0 0 0 0 0 0 0 0 1]
[0 0 1 0 0 0 0 0 0]
[0 0 0 1 0 0 0 0 0]
[0 0 0 0 1 0 0 0 0]
[0 0 0 0 0 1 0 0 0]
[0 0 0 0 0 0 1 0 0]
[0 0 0 0 0 0 0 1 0]


76
[0 0 1 0 0 0 0 0 0]
[1 0 0 0 0 0 0 0 0]
[0 1 1 0 0 0 0 0 0]
[0 0 0 0 0 1 0 0 0]
[0 0 0 1 0 0 0 0 0]
[0 0 0 0 1 1 0 0 0]
[0 0 0 0 0 0 0 0 1]
[0 0 0 0 0 0 1 0 0]
[0 0 0 0 0 0 0 1 1]


[0 0 1 0 0 0 0 0 0]
[1 0 1 0 0 0 0 0 0]
[0 1 0 0 0 0 0 0 0]
[0 0 0 0 0 0 0 0 1]
[0 0 0 1 0 0 0 0 1]
[0 0 0 0 1 0 0 0 1]
[0 0 0 0 0 1 0 0 1]
[0 0 0 0 0 0 1 0 1]
[0 0 0 0 0 0 0 1 1]


77
[0 0 1 0 0 0 0 0 0]
[1 0 0 0 0 0 0 0 0]
[0 1 1 0 0 0 0 0 0]
[0 0 0 0 0 1 0 0 0]
[0 0 0 1 0 0 0 0 0]
[0 0 0 0 1 1 0 0 0]
[0 0 0 0 0 0 0 0 1]
[0 0 0 0 0 0 1 0 0]
[0 0 0 0 0 0 0 1 1]


[0 0 1 0 0 0 0 0 0]
[1 0 0 0 0 0 0 0 0]
[0 1 1 0 0 0 0 0 0]
[0 0 0 0 0 0 0 0 1]
[0 0 0 1 0 0 0 0 1]
[0 0 0 0 1 0 0 0 1]
[0 0 0 0 0 1 0 0 1]
[0 0 0 0 0 0 1 0 1]
[0 0 0 0 0 0 0 1 1]


78
[0 0 1 0 0 0 0 0 0]
[1 0 0 0 0 0 0 0 0]
[0 1 1 0 0 0 0 0 0]
[0 0 0 0 0 1 0 0 0]
[0 0 0 1 0 0 0 0 0]
[0 0 0 0 1 1 0 0 0]
[0 0 0 0 0 0 0 0 1]
[0 0 0 0 0 0 1 0 0]
[0 0 0 0 0 0 0 1 1]


[1 0 0 0 0 0 0 0 0]
[0 0 0 0 1 0 0 0 0]
[0 1 0 0 1 0 0 0 0]
[0 0 1 0 1 0 0 0 0]
[0 0 0 1 0 0 0 0 0]
[0 0 0 0 0 0 0 0 1]
[0 0 0 0 0 1 0 0 1]
[0 0 0 0 0 0 1 0 1]
[0 0 0 0 0 0 0 1 0]


79
[0 0 1 0 0 0 0 0 0]
[1 0 0 0 0 0 0 0 0]
[0 1 1 0 0 0 0 0 0]
[0 0 0 0 0 1 0 0 0]
[0 0 0 1 0 0 0 0 0]
[0 0 0 0 1 1 0 0 0]
[0 0 0 0 0 0 0 0 1]
[0 0 0 0 0 0 1 0 0]
[0 0 0 0 0 0 0 1 1]


[1 0 0 0 0 0 0 0 0]
[0 0 0 0 1 0 0 0 0]
[0 1 0 0 0 0 0 0 0]
[0 0 1 0 1 0 0 0 0]
[0 0 0 1 1 0 0 0 0]
[0 0 0 0 0 0 0 0 1]
[0 0 0 0 0 1 0 0 0]
[0 0 0 0 0 0 1 0 1]
[0 0 0 0 0 0 0 1 1]


80
[0 0 1 0 0 0 0 0 0]
[1 0 0 0 0 0 0 0 0]
[0 1 1 0 0 0 0 0 0]
[0 0 0 0 0 1 0 0 0]
[0 0 0 1 0 0 0 0 0]
[0 0 0 0 1 1 0 0 0]
[0 0 0 0 0 0 0 0 1]
[0 0 0 0 0 0 1 0 0]
[0 0 0 0 0 0 0 1 1]


[1 0 0 0 0 0 0 0 0]
[0 1 0 0 0 0 0 0 0]
[0 0 1 0 0 0 0 0 0]
[0 0 0 1 0 0 0 0 0]
[0 0 0 0 1 0 0 0 0]
[0 0 0 0 0 0 0 0 1]
[0 0 0 0 0 1 0 0 1]
[0 0 0 0 0 0 1 0 1]
[0 0 0 0 0 0 0 1 0]


81
[0 0 1 0 0 0 0 0 0]
[1 0 0 0 0 0 0 0 0]
[0 1 1 0 0 0 0 0 0]
[0 0 0 0 0 1 0 0 0]
[0 0 0 1 0 0 0 0 0]
[0 0 0 0 1 1 0 0 0]
[0 0 0 0 0 0 0 0 1]
[0 0 0 0 0 0 1 0 0]
[0 0 0 0 0 0 0 1 1]


[1 0 0 0 0 0 0 0 0]
[0 1 0 0 0 0 0 0 0]
[0 0 1 0 0 0 0 0 0]
[0 0 0 1 0 0 0 0 0]
[0 0 0 0 1 0 0 0 0]
[0 0 0 0 0 0 0 0 1]
[0 0 0 0 0 1 0 0 0]
[0 0 0 0 0 0 1 0 1]
[0 0 0 0 0 0 0 1 1]


82
[0 0 1 0 0 0 0 0 0]
[1 0 0 0 0 0 0 0 0]
[0 1 1 0 0 0 0 0 0]
[0 0 0 0 0 1 0 0 0]
[0 0 0 1 0 0 0 0 0]
[0 0 0 0 1 1 0 0 0]
[0 0 0 0 0 0 0 0 1]
[0 0 0 0 0 0 1 0 0]
[0 0 0 0 0 0 0 1 1]


[0 0 1 0 0 0 0 0 0]
[1 0 1 0 0 0 0 0 0]
[0 1 0 0 0 0 0 0 0]
[0 0 0 0 0 1 0 0 0]
[0 0 0 1 0 1 0 0 0]
[0 0 0 0 1 0 0 0 0]
[0 0 0 0 0 0 0 0 1]
[0 0 0 0 0 0 1 0 1]
[0 0 0 0 0 0 0 1 0]


83
[0 0 1 0 0 0 0 0 0]
[1 0 0 0 0 0 0 0 0]
[0 1 1 0 0 0 0 0 0]
[0 0 0 0 0 1 0 0 0]
[0 0 0 1 0 0 0 0 0]
[0 0 0 0 1 1 0 0 0]
[0 0 0 0 0 0 0 0 1]
[0 0 0 0 0 0 1 0 0]
[0 0 0 0 0 0 0 1 1]


[0 0 1 0 0 0 0 0 0]
[1 0 0 0 0 0 0 0 0]
[0 1 1 0 0 0 0 0 0]
[0 0 0 0 0 1 0 0 0]
[0 0 0 1 0 0 0 0 0]
[0 0 0 0 1 1 0 0 0]
[0 0 0 0 0 0 0 0 1]
[0 0 0 0 0 0 1 0 0]
[0 0 0 0 0 0 0 1 1]


84
[1 0 0 0 0 0 0 0 0]
[0 1 0 0 0 0 0 0 0]
[0 0 1 0 0 0 0 0 0]
[0 0 0 0 0 1 0 0 0]
[0 0 0 1 0 0 0 0 0]
[0 0 0 0 1 0 0 0 0]
[0 0 0 0 0 0 0 0 1]
[0 0 0 0 0 0 1 0 0]
[0 0 0 0 0 0 0 1 0]


[0 0 1 0 0 0 0 0 0]
[1 0 0 0 0 0 0 0 0]
[0 1 0 0 0 0 0 0 0]
[0 0 0 0 0 1 0 0 0]
[0 0 0 1 0 0 0 0 0]
[0 0 0 0 1 0 0 0 0]
[0 0 0 0 0 0 0 0 1]
[0 0 0 0 0 0 1 0 0]
[0 0 0 0 0 0 0 1 0]


85
[1 0 0 0 0 0 0 0 0]
[0 1 0 0 0 0 0 0 0]
[0 0 1 0 0 0 0 0 0]
[0 0 0 0 0 1 0 0 0]
[0 0 0 1 0 0 0 0 0]
[0 0 0 0 1 0 0 0 0]
[0 0 0 0 0 0 0 0 1]
[0 0 0 0 0 0 1 0 0]
[0 0 0 0 0 0 0 1 0]


[1 0 0 0 0 0 0 0 0]
[0 1 0 0 0 0 0 0 0]
[0 0 1 0 0 0 0 0 0]
[0 0 0 0 0 1 0 0 0]
[0 0 0 1 0 0 0 0 0]
[0 0 0 0 1 0 0 0 0]
[0 0 0 0 0 0 0 0 1]
[0 0 0 0 0 0 1 0 0]
[0 0 0 0 0 0 0 1 0]


86
[1 0 0 0 0 0 0 0 0]
[0 1 0 0 0 0 0 0 0]
[0 0 1 0 0 0 0 0 0]
[0 0 0 0 0 1 0 0 0]
[0 0 0 1 0 0 0 0 0]
[0 0 0 0 1 0 0 0 0]
[0 0 0 0 0 0 0 0 1]
[0 0 0 0 0 0 1 0 0]
[0 0 0 0 0 0 0 1 0]


[0 1 0 0 0 0 0 0 0]
[1 1 0 0 0 0 0 0 0]
[0 0 0 1 0 0 0 0 0]
[0 0 1 1 0 0 0 0 0]
[0 0 0 0 0 1 0 0 0]
[0 0 0 0 1 1 0 0 0]
[0 0 0 0 0 0 0 0 1]
[0 0 0 0 0 0 1 0 0]
[0 0 0 0 0 0 0 1 0]


87
[1 0 0 0 0 0 0 0 0]
[0 1 0 0 0 0 0 0 0]
[0 0 1 0 0 0 0 0 0]
[0 0 0 0 0 1 0 0 0]
[0 0 0 1 0 0 0 0 0]
[0 0 0 0 1 0 0 0 0]
[0 0 0 0 0 0 0 0 1]
[0 0 0 0 0 0 1 0 0]
[0 0 0 0 0 0 0 1 0]


[1 0 0 0 0 0 0 0 0]
[0 1 0 0 0 0 0 0 0]
[0 0 1 0 0 0 0 0 0]
[0 0 0 1 0 0 0 0 0]
[0 0 0 0 1 0 0 0 0]
[0 0 0 0 0 1 0 0 0]
[0 0 0 0 0 0 0 0 1]
[0 0 0 0 0 0 1 0 0]
[0 0 0 0 0 0 0 1 0]


88
[0 1 0 0 0 0 0 0 0]
[1 1 0 0 0 0 0 0 0]
[0 0 0 1 0 0 0 0 0]
[0 0 1 1 0 0 0 0 0]
[0 0 0 0 0 1 0 0 0]
[0 0 0 0 1 1 0 0 0]
[0 0 0 0 0 0 0 0 1]
[0 0 0 0 0 0 1 0 0]
[0 0 0 0 0 0 0 1 0]


[0 0 1 0 0 0 0 0 0]
[1 0 0 0 0 0 0 0 0]
[0 1 0 0 0 0 0 0 0]
[0 0 0 0 0 1 0 0 0]
[0 0 0 1 0 0 0 0 0]
[0 0 0 0 1 0 0 0 0]
[0 0 0 0 0 0 0 0 1]
[0 0 0 0 0 0 1 0 0]
[0 0 0 0 0 0 0 1 0]


89
[0 1 0 0 0 0 0 0 0]
[1 1 0 0 0 0 0 0 0]
[0 0 0 1 0 0 0 0 0]
[0 0 1 1 0 0 0 0 0]
[0 0 0 0 0 1 0 0 0]
[0 0 0 0 1 1 0 0 0]
[0 0 0 0 0 0 0 0 1]
[0 0 0 0 0 0 1 0 0]
[0 0 0 0 0 0 0 1 0]


[1 0 0 0 0 0 0 0 0]
[0 1 0 0 0 0 0 0 0]
[0 0 1 0 0 0 0 0 0]
[0 0 0 0 0 1 0 0 0]
[0 0 0 1 0 0 0 0 0]
[0 0 0 0 1 0 0 0 0]
[0 0 0 0 0 0 0 0 1]
[0 0 0 0 0 0 1 0 0]
[0 0 0 0 0 0 0 1 0]


90
[0 1 0 0 0 0 0 0 0]
[1 1 0 0 0 0 0 0 0]
[0 0 0 1 0 0 0 0 0]
[0 0 1 1 0 0 0 0 0]
[0 0 0 0 0 1 0 0 0]
[0 0 0 0 1 1 0 0 0]
[0 0 0 0 0 0 0 0 1]
[0 0 0 0 0 0 1 0 0]
[0 0 0 0 0 0 0 1 0]


[0 1 0 0 0 0 0 0 0]
[1 1 0 0 0 0 0 0 0]
[0 0 0 1 0 0 0 0 0]
[0 0 1 1 0 0 0 0 0]
[0 0 0 0 0 1 0 0 0]
[0 0 0 0 1 1 0 0 0]
[0 0 0 0 0 0 0 0 1]
[0 0 0 0 0 0 1 0 0]
[0 0 0 0 0 0 0 1 0]


91
[0 1 0 0 0 0 0 0 0]
[1 1 0 0 0 0 0 0 0]
[0 0 0 1 0 0 0 0 0]
[0 0 1 1 0 0 0 0 0]
[0 0 0 0 0 1 0 0 0]
[0 0 0 0 1 1 0 0 0]
[0 0 0 0 0 0 0 0 1]
[0 0 0 0 0 0 1 0 0]
[0 0 0 0 0 0 0 1 0]


[1 0 0 0 0 0 0 0 0]
[0 1 0 0 0 0 0 0 0]
[0 0 1 0 0 0 0 0 0]
[0 0 0 1 0 0 0 0 0]
[0 0 0 0 1 0 0 0 0]
[0 0 0 0 0 1 0 0 0]
[0 0 0 0 0 0 0 0 1]
[0 0 0 0 0 0 1 0 0]
[0 0 0 0 0 0 0 1 0]


92
[1 0 0 0 0 0 0 0 0]
[0 1 0 0 0 0 0 0 0]
[0 0 1 0 0 0 0 0 0]
[0 0 0 1 0 0 0 0 0]
[0 0 0 0 1 0 0 0 0]
[0 0 0 0 0 1 0 0 0]
[0 0 0 0 0 0 0 0 1]
[0 0 0 0 0 0 1 0 0]
[0 0 0 0 0 0 0 1 0]


[0 0 1 0 0 0 0 0 0]
[1 0 0 0 0 0 0 0 0]
[0 1 0 0 0 0 0 0 0]
[0 0 0 0 0 1 0 0 0]
[0 0 0 1 0 0 0 0 0]
[0 0 0 0 1 0 0 0 0]
[0 0 0 0 0 0 0 0 1]
[0 0 0 0 0 0 1 0 0]
[0 0 0 0 0 0 0 1 0]


93
[1 0 0 0 0 0 0 0 0]
[0 1 0 0 0 0 0 0 0]
[0 0 1 0 0 0 0 0 0]
[0 0 0 1 0 0 0 0 0]
[0 0 0 0 1 0 0 0 0]
[0 0 0 0 0 1 0 0 0]
[0 0 0 0 0 0 0 0 1]
[0 0 0 0 0 0 1 0 0]
[0 0 0 0 0 0 0 1 0]


[1 0 0 0 0 0 0 0 0]
[0 1 0 0 0 0 0 0 0]
[0 0 1 0 0 0 0 0 0]
[0 0 0 0 0 1 0 0 0]
[0 0 0 1 0 0 0 0 0]
[0 0 0 0 1 0 0 0 0]
[0 0 0 0 0 0 0 0 1]
[0 0 0 0 0 0 1 0 0]
[0 0 0 0 0 0 0 1 0]


94
[1 0 0 0 0 0 0 0 0]
[0 1 0 0 0 0 0 0 0]
[0 0 1 0 0 0 0 0 0]
[0 0 0 1 0 0 0 0 0]
[0 0 0 0 1 0 0 0 0]
[0 0 0 0 0 1 0 0 0]
[0 0 0 0 0 0 0 0 1]
[0 0 0 0 0 0 1 0 0]
[0 0 0 0 0 0 0 1 0]


[0 1 0 0 0 0 0 0 0]
[1 1 0 0 0 0 0 0 0]
[0 0 0 1 0 0 0 0 0]
[0 0 1 1 0 0 0 0 0]
[0 0 0 0 0 1 0 0 0]
[0 0 0 0 1 1 0 0 0]
[0 0 0 0 0 0 0 0 1]
[0 0 0 0 0 0 1 0 0]
[0 0 0 0 0 0 0 1 0]


95
[1 0 0 0 0 0 0 0 0]
[0 1 0 0 0 0 0 0 0]
[0 0 1 0 0 0 0 0 0]
[0 0 0 1 0 0 0 0 0]
[0 0 0 0 1 0 0 0 0]
[0 0 0 0 0 1 0 0 0]
[0 0 0 0 0 0 0 0 1]
[0 0 0 0 0 0 1 0 0]
[0 0 0 0 0 0 0 1 0]


[1 0 0 0 0 0 0 0 0]
[0 1 0 0 0 0 0 0 0]
[0 0 1 0 0 0 0 0 0]
[0 0 0 1 0 0 0 0 0]
[0 0 0 0 1 0 0 0 0]
[0 0 0 0 0 1 0 0 0]
[0 0 0 0 0 0 0 0 1]
[0 0 0 0 0 0 1 0 0]
[0 0 0 0 0 0 0 1 0]


96
[1 0 0 0 0 0 0 0 0]
[0 0 1 0 0 0 0 0 0]
[0 1 0 0 0 0 0 0 0]
[0 0 0 0 1 0 0 0 0]
[0 0 0 1 0 0 0 0 0]
[0 0 0 0 0 0 1 0 0]
[0 0 0 0 0 1 0 0 0]
[0 0 0 0 0 0 0 0 1]
[0 0 0 0 0 0 0 1 0]


[1 0 0 0 0 0 0 0 0]
[0 0 1 0 0 0 0 0 0]
[0 1 0 0 0 0 0 0 0]
[0 0 0 0 1 0 0 0 0]
[0 0 0 1 0 0 0 0 0]
[0 0 0 0 0 0 1 0 0]
[0 0 0 0 0 1 0 0 0]
[0 0 0 0 0 0 0 0 1]
[0 0 0 0 0 0 0 1 0]


97
[1 0 0 0 0 0 0 0 0]
[0 0 1 0 0 0 0 0 0]
[0 1 0 0 0 0 0 0 0]
[0 0 0 0 1 0 0 0 0]
[0 0 0 1 0 0 0 0 0]
[0 0 0 0 0 0 1 0 0]
[0 0 0 0 0 1 0 0 0]
[0 0 0 0 0 0 0 0 1]
[0 0 0 0 0 0 0 1 0]


[1 0 0 0 0 0 0 0 0]
[0 1 0 0 0 0 0 0 0]
[0 0 1 0 0 0 0 0 0]
[0 0 0 0 1 0 0 0 0]
[0 0 0 1 0 0 0 0 0]
[0 0 0 0 0 0 1 0 0]
[0 0 0 0 0 1 0 0 0]
[0 0 0 0 0 0 0 0 1]
[0 0 0 0 0 0 0 1 0]


98
[1 0 0 0 0 0 0 0 0]
[0 0 1 0 0 0 0 0 0]
[0 1 0 0 0 0 0 0 0]
[0 0 0 0 1 0 0 0 0]
[0 0 0 1 0 0 0 0 0]
[0 0 0 0 0 0 1 0 0]
[0 0 0 0 0 1 0 0 0]
[0 0 0 0 0 0 0 0 1]
[0 0 0 0 0 0 0 1 0]


[1 0 0 0 0 0 0 0 0]
[0 1 0 0 0 0 0 0 0]
[0 0 1 0 0 0 0 0 0]
[0 0 0 1 0 0 0 0 0]
[0 0 0 0 1 0 0 0 0]
[0 0 0 0 0 0 1 0 0]
[0 0 0 0 0 1 0 0 0]
[0 0 0 0 0 0 0 0 1]
[0 0 0 0 0 0 0 1 0]


99
[1 0 0 0 0 0 0 0 0]
[0 0 1 0 0 0 0 0 0]
[0 1 0 0 0 0 0 0 0]
[0 0 0 0 1 0 0 0 0]
[0 0 0 1 0 0 0 0 0]
[0 0 0 0 0 0 1 0 0]
[0 0 0 0 0 1 0 0 0]
[0 0 0 0 0 0 0 0 1]
[0 0 0 0 0 0 0 1 0]


[1 0 0 0 0 0 0 0 0]
[0 1 0 0 0 0 0 0 0]
[0 0 1 0 0 0 0 0 0]
[0 0 0 1 0 0 0 0 0]
[0 0 0 0 1 0 0 0 0]
[0 0 0 0 0 1 0 0 0]
[0 0 0 0 0 0 1 0 0]
[0 0 0 0 0 0 0 0 1]
[0 0 0 0 0 0 0 1 0]


100
[1 0 0 0 0 0 0 0 0]
[0 1 0 0 0 0 0 0 0]
[0 0 1 0 0 0 0 0 0]
[0 0 0 0 1 0 0 0 0]
[0 0 0 1 0 0 0 0 0]
[0 0 0 0 0 0 1 0 0]
[0 0 0 0 0 1 0 0 0]
[0 0 0 0 0 0 0 0 1]
[0 0 0 0 0 0 0 1 0]


[1 0 0 0 0 0 0 0 0]
[0 0 1 0 0 0 0 0 0]
[0 1 0 0 0 0 0 0 0]
[0 0 0 0 1 0 0 0 0]
[0 0 0 1 0 0 0 0 0]
[0 0 0 0 0 0 1 0 0]
[0 0 0 0 0 1 0 0 0]
[0 0 0 0 0 0 0 0 1]
[0 0 0 0 0 0 0 1 0]


101
[1 0 0 0 0 0 0 0 0]
[0 1 0 0 0 0 0 0 0]
[0 0 1 0 0 0 0 0 0]
[0 0 0 0 1 0 0 0 0]
[0 0 0 1 0 0 0 0 0]
[0 0 0 0 0 0 1 0 0]
[0 0 0 0 0 1 0 0 0]
[0 0 0 0 0 0 0 0 1]
[0 0 0 0 0 0 0 1 0]


[1 0 0 0 0 0 0 0 0]
[0 1 0 0 0 0 0 0 0]
[0 0 1 0 0 0 0 0 0]
[0 0 0 0 1 0 0 0 0]
[0 0 0 1 0 0 0 0 0]
[0 0 0 0 0 0 1 0 0]
[0 0 0 0 0 1 0 0 0]
[0 0 0 0 0 0 0 0 1]
[0 0 0 0 0 0 0 1 0]


102
[1 0 0 0 0 0 0 0 0]
[0 1 0 0 0 0 0 0 0]
[0 0 1 0 0 0 0 0 0]
[0 0 0 0 1 0 0 0 0]
[0 0 0 1 0 0 0 0 0]
[0 0 0 0 0 0 1 0 0]
[0 0 0 0 0 1 0 0 0]
[0 0 0 0 0 0 0 0 1]
[0 0 0 0 0 0 0 1 0]


[1 0 0 0 0 0 0 0 0]
[0 1 0 0 0 0 0 0 0]
[0 0 1 0 0 0 0 0 0]
[0 0 0 1 0 0 0 0 0]
[0 0 0 0 1 0 0 0 0]
[0 0 0 0 0 0 1 0 0]
[0 0 0 0 0 1 0 0 0]
[0 0 0 0 0 0 0 0 1]
[0 0 0 0 0 0 0 1 0]


103
[1 0 0 0 0 0 0 0 0]
[0 1 0 0 0 0 0 0 0]
[0 0 1 0 0 0 0 0 0]
[0 0 0 0 1 0 0 0 0]
[0 0 0 1 0 0 0 0 0]
[0 0 0 0 0 0 1 0 0]
[0 0 0 0 0 1 0 0 0]
[0 0 0 0 0 0 0 0 1]
[0 0 0 0 0 0 0 1 0]


[1 0 0 0 0 0 0 0 0]
[0 1 0 0 0 0 0 0 0]
[0 0 1 0 0 0 0 0 0]
[0 0 0 1 0 0 0 0 0]
[0 0 0 0 1 0 0 0 0]
[0 0 0 0 0 1 0 0 0]
[0 0 0 0 0 0 1 0 0]
[0 0 0 0 0 0 0 0 1]
[0 0 0 0 0 0 0 1 0]


104
[1 0 0 0 0 0 0 0 0]
[0 1 0 0 0 0 0 0 0]
[0 0 1 0 0 0 0 0 0]
[0 0 0 1 0 0 0 0 0]
[0 0 0 0 1 0 0 0 0]
[0 0 0 0 0 0 1 0 0]
[0 0 0 0 0 1 0 0 0]
[0 0 0 0 0 0 0 0 1]
[0 0 0 0 0 0 0 1 0]


[1 0 0 0 0 0 0 0 0]
[0 0 1 0 0 0 0 0 0]
[0 1 0 0 0 0 0 0 0]
[0 0 0 0 1 0 0 0 0]
[0 0 0 1 0 0 0 0 0]
[0 0 0 0 0 0 1 0 0]
[0 0 0 0 0 1 0 0 0]
[0 0 0 0 0 0 0 0 1]
[0 0 0 0 0 0 0 1 0]


105
[1 0 0 0 0 0 0 0 0]
[0 1 0 0 0 0 0 0 0]
[0 0 1 0 0 0 0 0 0]
[0 0 0 1 0 0 0 0 0]
[0 0 0 0 1 0 0 0 0]
[0 0 0 0 0 0 1 0 0]
[0 0 0 0 0 1 0 0 0]
[0 0 0 0 0 0 0 0 1]
[0 0 0 0 0 0 0 1 0]


[1 0 0 0 0 0 0 0 0]
[0 1 0 0 0 0 0 0 0]
[0 0 1 0 0 0 0 0 0]
[0 0 0 0 1 0 0 0 0]
[0 0 0 1 0 0 0 0 0]
[0 0 0 0 0 0 1 0 0]
[0 0 0 0 0 1 0 0 0]
[0 0 0 0 0 0 0 0 1]
[0 0 0 0 0 0 0 1 0]


106
[1 0 0 0 0 0 0 0 0]
[0 1 0 0 0 0 0 0 0]
[0 0 1 0 0 0 0 0 0]
[0 0 0 1 0 0 0 0 0]
[0 0 0 0 1 0 0 0 0]
[0 0 0 0 0 0 1 0 0]
[0 0 0 0 0 1 0 0 0]
[0 0 0 0 0 0 0 0 1]
[0 0 0 0 0 0 0 1 0]


[1 0 0 0 0 0 0 0 0]
[0 1 0 0 0 0 0 0 0]
[0 0 1 0 0 0 0 0 0]
[0 0 0 1 0 0 0 0 0]
[0 0 0 0 1 0 0 0 0]
[0 0 0 0 0 0 1 0 0]
[0 0 0 0 0 1 0 0 0]
[0 0 0 0 0 0 0 0 1]
[0 0 0 0 0 0 0 1 0]


107
[1 0 0 0 0 0 0 0 0]
[0 1 0 0 0 0 0 0 0]
[0 0 1 0 0 0 0 0 0]
[0 0 0 1 0 0 0 0 0]
[0 0 0 0 1 0 0 0 0]
[0 0 0 0 0 0 1 0 0]
[0 0 0 0 0 1 0 0 0]
[0 0 0 0 0 0 0 0 1]
[0 0 0 0 0 0 0 1 0]


[1 0 0 0 0 0 0 0 0]
[0 1 0 0 0 0 0 0 0]
[0 0 1 0 0 0 0 0 0]
[0 0 0 1 0 0 0 0 0]
[0 0 0 0 1 0 0 0 0]
[0 0 0 0 0 1 0 0 0]
[0 0 0 0 0 0 1 0 0]
[0 0 0 0 0 0 0 0 1]
[0 0 0 0 0 0 0 1 0]


108
[1 0 0 0 0 0 0 0 0]
[0 1 0 0 0 0 0 0 0]
[0 0 1 0 0 0 0 0 0]
[0 0 0 1 0 0 0 0 0]
[0 0 0 0 1 0 0 0 0]
[0 0 0 0 0 1 0 0 0]
[0 0 0 0 0 0 1 0 0]
[0 0 0 0 0 0 0 0 1]
[0 0 0 0 0 0 0 1 0]


[1 0 0 0 0 0 0 0 0]
[0 0 1 0 0 0 0 0 0]
[0 1 0 0 0 0 0 0 0]
[0 0 0 0 1 0 0 0 0]
[0 0 0 1 0 0 0 0 0]
[0 0 0 0 0 0 1 0 0]
[0 0 0 0 0 1 0 0 0]
[0 0 0 0 0 0 0 0 1]
[0 0 0 0 0 0 0 1 0]


109
[1 0 0 0 0 0 0 0 0]
[0 1 0 0 0 0 0 0 0]
[0 0 1 0 0 0 0 0 0]
[0 0 0 1 0 0 0 0 0]
[0 0 0 0 1 0 0 0 0]
[0 0 0 0 0 1 0 0 0]
[0 0 0 0 0 0 1 0 0]
[0 0 0 0 0 0 0 0 1]
[0 0 0 0 0 0 0 1 0]


[1 0 0 0 0 0 0 0 0]
[0 1 0 0 0 0 0 0 0]
[0 0 1 0 0 0 0 0 0]
[0 0 0 0 1 0 0 0 0]
[0 0 0 1 0 0 0 0 0]
[0 0 0 0 0 0 1 0 0]
[0 0 0 0 0 1 0 0 0]
[0 0 0 0 0 0 0 0 1]
[0 0 0 0 0 0 0 1 0]


110
[1 0 0 0 0 0 0 0 0]
[0 1 0 0 0 0 0 0 0]
[0 0 1 0 0 0 0 0 0]
[0 0 0 1 0 0 0 0 0]
[0 0 0 0 1 0 0 0 0]
[0 0 0 0 0 1 0 0 0]
[0 0 0 0 0 0 1 0 0]
[0 0 0 0 0 0 0 0 1]
[0 0 0 0 0 0 0 1 0]


[1 0 0 0 0 0 0 0 0]
[0 1 0 0 0 0 0 0 0]
[0 0 1 0 0 0 0 0 0]
[0 0 0 1 0 0 0 0 0]
[0 0 0 0 1 0 0 0 0]
[0 0 0 0 0 0 1 0 0]
[0 0 0 0 0 1 0 0 0]
[0 0 0 0 0 0 0 0 1]
[0 0 0 0 0 0 0 1 0]


111
[1 0 0 0 0 0 0 0 0]
[0 1 0 0 0 0 0 0 0]
[0 0 1 0 0 0 0 0 0]
[0 0 0 1 0 0 0 0 0]
[0 0 0 0 1 0 0 0 0]
[0 0 0 0 0 1 0 0 0]
[0 0 0 0 0 0 1 0 0]
[0 0 0 0 0 0 0 0 1]
[0 0 0 0 0 0 0 1 0]


[1 0 0 0 0 0 0 0 0]
[0 1 0 0 0 0 0 0 0]
[0 0 1 0 0 0 0 0 0]
[0 0 0 1 0 0 0 0 0]
[0 0 0 0 1 0 0 0 0]
[0 0 0 0 0 1 0 0 0]
[0 0 0 0 0 0 1 0 0]
[0 0 0 0 0 0 0 0 1]
[0 0 0 0 0 0 0 1 0]


112
[1 0 0 0 0 0 0 0 0]
[0 1 0 0 0 0 0 0 0]
[0 0 1 0 0 0 0 0 0]
[0 0 0 1 0 0 0 0 0]
[0 0 0 0 1 0 0 0 0]
[0 0 0 0 0 1 0 0 0]
[0 0 0 0 0 0 1 0 0]
[0 0 0 0 0 0 0 1 0]
[0 0 0 0 0 0 0 0 1]


[0 0 0 0 0 0 0 0 1]
[1 0 0 0 0 0 0 0 1]
[0 1 0 0 0 0 0 0 0]
[0 0 1 0 0 0 0 0 0]
[0 0 0 1 0 0 0 0 0]
[0 0 0 0 1 0 0 0 0]
[0 0 0 0 0 1 0 0 0]
[0 0 0 0 0 0 1 0 0]
[0 0 0 0 0 0 0 1 0]


113
[1 0 0 0 0 0 0 0 0]
[0 1 0 0 0 0 0 0 0]
[0 0 1 0 0 0 0 0 0]
[0 0 0 1 0 0 0 0 0]
[0 0 0 0 1 0 0 0 0]
[0 0 0 0 0 1 0 0 0]
[0 0 0 0 0 0 1 0 0]
[0 0 0 0 0 0 0 1 0]
[0 0 0 0 0 0 0 0 1]


[0 0 0 0 0 0 0 0 1]
[1 0 0 0 0 0 0 0 1]
[0 1 0 0 0 0 0 0 1]
[0 0 1 0 0 0 0 0 0]
[0 0 0 1 0 0 0 0 1]
[0 0 0 0 1 0 0 0 0]
[0 0 0 0 0 1 0 0 0]
[0 0 0 0 0 0 1 0 0]
[0 0 0 0 0 0 0 1 0]


114
[1 0 0 0 0 0 0 0 0]
[0 1 0 0 0 0 0 0 0]
[0 0 1 0 0 0 0 0 0]
[0 0 0 1 0 0 0 0 0]
[0 0 0 0 1 0 0 0 0]
[0 0 0 0 0 1 0 0 0]
[0 0 0 0 0 0 1 0 0]
[0 0 0 0 0 0 0 1 0]
[0 0 0 0 0 0 0 0 1]


[0 0 0 0 0 0 0 0 1]
[1 0 0 0 0 0 0 0 1]
[0 1 0 0 0 0 0 0 0]
[0 0 1 0 0 0 0 0 1]
[0 0 0 1 0 0 0 0 0]
[0 0 0 0 1 0 0 0 0]
[0 0 0 0 0 1 0 0 1]
[0 0 0 0 0 0 1 0 0]
[0 0 0 0 0 0 0 1 0]


115
[1 0 0 0 0 0 0 0 0]
[0 1 0 0 0 0 0 0 0]
[0 0 1 0 0 0 0 0 0]
[0 0 0 1 0 0 0 0 0]
[0 0 0 0 1 0 0 0 0]
[0 0 0 0 0 1 0 0 0]
[0 0 0 0 0 0 1 0 0]
[0 0 0 0 0 0 0 1 0]
[0 0 0 0 0 0 0 0 1]


[0 0 0 0 0 0 0 0 1]
[1 0 0 0 0 0 0 0 0]
[0 1 0 0 0 0 0 0 1]
[0 0 1 0 0 0 0 0 0]
[0 0 0 1 0 0 0 0 0]
[0 0 0 0 1 0 0 0 1]
[0 0 0 0 0 1 0 0 1]
[0 0 0 0 0 0 1 0 0]
[0 0 0 0 0 0 0 1 0]


116
[1 0 0 0 0 0 0 0 0]
[0 1 0 0 0 0 0 0 0]
[0 0 1 0 0 0 0 0 0]
[0 0 0 1 0 0 0 0 0]
[0 0 0 0 1 0 0 0 0]
[0 0 0 0 0 1 0 0 0]
[0 0 0 0 0 0 1 0 0]
[0 0 0 0 0 0 0 1 0]
[0 0 0 0 0 0 0 0 1]


[0 0 0 0 0 0 0 0 1]
[1 0 0 0 0 0 0 0 0]
[0 1 0 0 0 0 0 0 0]
[0 0 1 0 0 0 0 0 1]
[0 0 0 1 0 0 0 0 1]
[0 0 0 0 1 0 0 0 1]
[0 0 0 0 0 1 0 0 1]
[0 0 0 0 0 0 1 0 0]
[0 0 0 0 0 0 0 1 0]


117
[1 0 0 0 0 0 0 0 0]
[0 1 0 0 0 0 0 0 0]
[0 0 1 0 0 0 0 0 0]
[0 0 0 1 0 0 0 0 0]
[0 0 0 0 1 0 0 0 0]
[0 0 0 0 0 1 0 0 0]
[0 0 0 0 0 0 1 0 0]
[0 0 0 0 0 0 0 1 0]
[0 0 0 0 0 0 0 0 1]


[0 0 0 0 0 0 0 0 1]
[1 0 0 0 0 0 0 0 0]
[0 1 0 0 0 0 0 0 0]
[0 0 1 0 0 0 0 0 1]
[0 0 0 1 0 0 0 0 1]
[0 0 0 0 1 0 0 0 0]
[0 0 0 0 0 1 0 0 0]
[0 0 0 0 0 0 1 0 1]
[0 0 0 0 0 0 0 1 0]


118
[1 0 0 0 0 0 0 0 0]
[0 1 0 0 0 0 0 0 0]
[0 0 1 0 0 0 0 0 0]
[0 0 0 1 0 0 0 0 0]
[0 0 0 0 1 0 0 0 0]
[0 0 0 0 0 1 0 0 0]
[0 0 0 0 0 0 1 0 0]
[0 0 0 0 0 0 0 1 0]
[0 0 0 0 0 0 0 0 1]


[0 0 0 0 0 0 0 0 1]
[1 0 0 0 0 0 0 0 0]
[0 1 0 0 0 0 0 0 0]
[0 0 1 0 0 0 0 0 0]
[0 0 0 1 0 0 0 0 0]
[0 0 0 0 1 0 0 0 0]
[0 0 0 0 0 1 0 0 0]
[0 0 0 0 0 0 1 0 0]
[0 0 0 0 0 0 0 1 1]


119
[1 0 0 0 0 0 0 0 0]
[0 1 0 0 0 0 0 0 0]
[0 0 1 0 0 0 0 0 0]
[0 0 0 1 0 0 0 0 0]
[0 0 0 0 1 0 0 0 0]
[0 0 0 0 0 1 0 0 0]
[0 0 0 0 0 0 1 0 0]
[0 0 0 0 0 0 0 1 0]
[0 0 0 0 0 0 0 0 1]


[0 0 0 0 0 0 0 0 1]
[1 0 0 0 0 0 0 0 0]
[0 1 0 0 0 0 0 0 0]
[0 0 1 0 0 0 0 0 1]
[0 0 0 1 0 0 0 0 0]
[0 0 0 0 1 0 0 0 0]
[0 0 0 0 0 1 0 0 1]
[0 0 0 0 0 0 1 0 0]
[0 0 0 0 0 0 0 1 1]


120
[1 0 0 0 0 0 0 0 0]
[0 1 0 0 0 0 0 0 0]
[0 0 1 0 0 0 0 0 0]
[0 0 0 1 0 0 0 0 0]
[0 0 0 0 1 0 0 0 0]
[0 0 0 0 0 1 0 0 0]
[0 0 0 0 0 0 1 0 0]
[0 0 0 0 0 0 0 1 0]
[0 0 0 0 0 0 0 0 1]


[0 0 0 0 0 0 0 0 1]
[1 0 0 0 0 0 0 0 1]
[0 1 0 0 0 0 0 0 0]
[0 0 1 0 0 0 0 0 1]
[0 0 0 1 0 0 0 0 0]
[0 0 0 0 1 0 0 0 0]
[0 0 0 0 0 1 0 0 1]
[0 0 0 0 0 0 1 0 0]
[0 0 0 0 0 0 0 1 1]


121
[1 0 0 0 0 0 0 0 0]
[0 1 0 0 0 0 0 0 0]
[0 0 1 0 0 0 0 0 0]
[0 0 0 1 0 0 0 0 0]
[0 0 0 0 1 0 0 0 0]
[0 0 0 0 0 1 0 0 0]
[0 0 0 0 0 0 1 0 0]
[0 0 0 0 0 0 0 1 0]
[0 0 0 0 0 0 0 0 1]


[0 0 0 0 0 0 0 0 1]
[1 0 0 0 0 0 0 0 0]
[0 1 0 0 0 0 0 0 0]
[0 0 1 0 0 0 0 0 0]
[0 0 0 1 0 0 0 0 0]
[0 0 0 0 1 0 0 0 1]
[0 0 0 0 0 1 0 0 0]
[0 0 0 0 0 0 1 0 1]
[0 0 0 0 0 0 0 1 1]


122
[1 0 0 0 0 0 0 0 0]
[0 1 0 0 0 0 0 0 0]
[0 0 1 0 0 0 0 0 0]
[0 0 0 1 0 0 0 0 0]
[0 0 0 0 1 0 0 0 0]
[0 0 0 0 0 1 0 0 0]
[0 0 0 0 0 0 1 0 0]
[0 0 0 0 0 0 0 1 0]
[0 0 0 0 0 0 0 0 1]


[1 0 0 0 0 0 0 0 0]
[0 0 0 0 0 0 0 0 1]
[0 1 0 0 0 0 0 0 1]
[0 0 1 0 0 0 0 0 1]
[0 0 0 1 0 0 0 0 0]
[0 0 0 0 1 0 0 0 0]
[0 0 0 0 0 1 0 0 0]
[0 0 0 0 0 0 1 0 0]
[0 0 0 0 0 0 0 1 0]


123
[1 0 0 0 0 0 0 0 0]
[0 1 0 0 0 0 0 0 0]
[0 0 1 0 0 0 0 0 0]
[0 0 0 1 0 0 0 0 0]
[0 0 0 0 1 0 0 0 0]
[0 0 0 0 0 1 0 0 0]
[0 0 0 0 0 0 1 0 0]
[0 0 0 0 0 0 0 1 0]
[0 0 0 0 0 0 0 0 1]


[1 0 0 0 0 0 0 0 0]
[0 0 0 0 0 0 0 0 1]
[0 1 0 0 0 0 0 0 1]
[0 0 1 0 0 0 0 0 0]
[0 0 0 1 0 0 0 0 0]
[0 0 0 0 1 0 0 0 1]
[0 0 0 0 0 1 0 0 0]
[0 0 0 0 0 0 1 0 0]
[0 0 0 0 0 0 0 1 0]


124
[1 0 0 0 0 0 0 0 0]
[0 1 0 0 0 0 0 0 0]
[0 0 1 0 0 0 0 0 0]
[0 0 0 1 0 0 0 0 0]
[0 0 0 0 1 0 0 0 0]
[0 0 0 0 0 1 0 0 0]
[0 0 0 0 0 0 1 0 0]
[0 0 0 0 0 0 0 1 0]
[0 0 0 0 0 0 0 0 1]


[1 0 0 0 0 0 0 0 0]
[0 0 0 0 0 0 0 0 1]
[0 1 0 0 0 0 0 0 0]
[0 0 1 0 0 0 0 0 0]
[0 0 0 1 0 0 0 0 1]
[0 0 0 0 1 0 0 0 1]
[0 0 0 0 0 1 0 0 0]
[0 0 0 0 0 0 1 0 0]
[0 0 0 0 0 0 0 1 0]


125
[1 0 0 0 0 0 0 0 0]
[0 1 0 0 0 0 0 0 0]
[0 0 1 0 0 0 0 0 0]
[0 0 0 1 0 0 0 0 0]
[0 0 0 0 1 0 0 0 0]
[0 0 0 0 0 1 0 0 0]
[0 0 0 0 0 0 1 0 0]
[0 0 0 0 0 0 0 1 0]
[0 0 0 0 0 0 0 0 1]


[1 0 0 0 0 0 0 0 0]
[0 0 0 0 0 0 0 0 1]
[0 1 0 0 0 0 0 0 1]
[0 0 1 0 0 0 0 0 1]
[0 0 0 1 0 0 0 0 1]
[0 0 0 0 1 0 0 0 0]
[0 0 0 0 0 1 0 0 1]
[0 0 0 0 0 0 1 0 0]
[0 0 0 0 0 0 0 1 0]


126
[1 0 0 0 0 0 0 0 0]
[0 1 0 0 0 0 0 0 0]
[0 0 1 0 0 0 0 0 0]
[0 0 0 1 0 0 0 0 0]
[0 0 0 0 1 0 0 0 0]
[0 0 0 0 0 1 0 0 0]
[0 0 0 0 0 0 1 0 0]
[0 0 0 0 0 0 0 1 0]
[0 0 0 0 0 0 0 0 1]


[1 0 0 0 0 0 0 0 0]
[0 0 0 0 0 0 0 0 1]
[0 1 0 0 0 0 0 0 0]
[0 0 1 0 0 0 0 0 0]
[0 0 0 1 0 0 0 0 0]
[0 0 0 0 1 0 0 0 1]
[0 0 0 0 0 1 0 0 1]
[0 0 0 0 0 0 1 0 0]
[0 0 0 0 0 0 0 1 0]


127
[1 0 0 0 0 0 0 0 0]
[0 1 0 0 0 0 0 0 0]
[0 0 1 0 0 0 0 0 0]
[0 0 0 1 0 0 0 0 0]
[0 0 0 0 1 0 0 0 0]
[0 0 0 0 0 1 0 0 0]
[0 0 0 0 0 0 1 0 0]
[0 0 0 0 0 0 0 1 0]
[0 0 0 0 0 0 0 0 1]


[1 0 0 0 0 0 0 0 0]
[0 0 0 0 0 0 0 0 1]
[0 1 0 0 0 0 0 0 1]
[0 0 1 0 0 0 0 0 0]
[0 0 0 1 0 0 0 0 0]
[0 0 0 0 1 0 0 0 0]
[0 0 0 0 0 1 0 0 0]
[0 0 0 0 0 0 1 0 1]
[0 0 0 0 0 0 0 1 0]


128
[1 0 0 0 0 0 0 0 0]
[0 1 0 0 0 0 0 0 0]
[0 0 1 0 0 0 0 0 0]
[0 0 0 1 0 0 0 0 0]
[0 0 0 0 1 0 0 0 0]
[0 0 0 0 0 1 0 0 0]
[0 0 0 0 0 0 1 0 0]
[0 0 0 0 0 0 0 1 0]
[0 0 0 0 0 0 0 0 1]


[1 0 0 0 0 0 0 0 0]
[0 0 0 0 0 0 0 0 1]
[0 1 0 0 0 0 0 0 0]
[0 0 1 0 0 0 0 0 1]
[0 0 0 1 0 0 0 0 1]
[0 0 0 0 1 0 0 0 1]
[0 0 0 0 0 1 0 0 0]
[0 0 0 0 0 0 1 0 1]
[0 0 0 0 0 0 0 1 0]


129
[1 0 0 0 0 0 0 0 0]
[0 1 0 0 0 0 0 0 0]
[0 0 1 0 0 0 0 0 0]
[0 0 0 1 0 0 0 0 0]
[0 0 0 0 1 0 0 0 0]
[0 0 0 0 0 1 0 0 0]
[0 0 0 0 0 0 1 0 0]
[0 0 0 0 0 0 0 1 0]
[0 0 0 0 0 0 0 0 1]


[1 0 0 0 0 0 0 0 0]
[0 0 0 0 0 0 0 0 1]
[0 1 0 0 0 0 0 0 0]
[0 0 1 0 0 0 0 0 1]
[0 0 0 1 0 0 0 0 0]
[0 0 0 0 1 0 0 0 1]
[0 0 0 0 0 1 0 0 1]
[0 0 0 0 0 0 1 0 1]
[0 0 0 0 0 0 0 1 0]


130
[1 0 0 0 0 0 0 0 0]
[0 1 0 0 0 0 0 0 0]
[0 0 1 0 0 0 0 0 0]
[0 0 0 1 0 0 0 0 0]
[0 0 0 0 1 0 0 0 0]
[0 0 0 0 0 1 0 0 0]
[0 0 0 0 0 0 1 0 0]
[0 0 0 0 0 0 0 1 0]
[0 0 0 0 0 0 0 0 1]


[1 0 0 0 0 0 0 0 0]
[0 0 0 0 0 0 0 0 1]
[0 1 0 0 0 0 0 0 1]
[0 0 1 0 0 0 0 0 1]
[0 0 0 1 0 0 0 0 1]
[0 0 0 0 1 0 0 0 1]
[0 0 0 0 0 1 0 0 1]
[0 0 0 0 0 0 1 0 1]
[0 0 0 0 0 0 0 1 0]


131
[1 0 0 0 0 0 0 0 0]
[0 1 0 0 0 0 0 0 0]
[0 0 1 0 0 0 0 0 0]
[0 0 0 1 0 0 0 0 0]
[0 0 0 0 1 0 0 0 0]
[0 0 0 0 0 1 0 0 0]
[0 0 0 0 0 0 1 0 0]
[0 0 0 0 0 0 0 1 0]
[0 0 0 0 0 0 0 0 1]


[1 0 0 0 0 0 0 0 0]
[0 0 0 0 0 0 0 0 1]
[0 1 0 0 0 0 0 0 0]
[0 0 1 0 0 0 0 0 1]
[0 0 0 1 0 0 0 0 0]
[0 0 0 0 1 0 0 0 0]
[0 0 0 0 0 1 0 0 0]
[0 0 0 0 0 0 1 0 0]
[0 0 0 0 0 0 0 1 1]


132
[1 0 0 0 0 0 0 0 0]
[0 1 0 0 0 0 0 0 0]
[0 0 1 0 0 0 0 0 0]
[0 0 0 1 0 0 0 0 0]
[0 0 0 0 1 0 0 0 0]
[0 0 0 0 0 1 0 0 0]
[0 0 0 0 0 0 1 0 0]
[0 0 0 0 0 0 0 1 0]
[0 0 0 0 0 0 0 0 1]


[1 0 0 0 0 0 0 0 0]
[0 0 0 0 0 0 0 0 1]
[0 1 0 0 0 0 0 0 0]
[0 0 1 0 0 0 0 0 0]
[0 0 0 1 0 0 0 0 0]
[0 0 0 0 1 0 0 0 1]
[0 0 0 0 0 1 0 0 0]
[0 0 0 0 0 0 1 0 0]
[0 0 0 0 0 0 0 1 1]


133
[1 0 0 0 0 0 0 0 0]
[0 1 0 0 0 0 0 0 0]
[0 0 1 0 0 0 0 0 0]
[0 0 0 1 0 0 0 0 0]
[0 0 0 0 1 0 0 0 0]
[0 0 0 0 0 1 0 0 0]
[0 0 0 0 0 0 1 0 0]
[0 0 0 0 0 0 0 1 0]
[0 0 0 0 0 0 0 0 1]


[1 0 0 0 0 0 0 0 0]
[0 0 0 0 0 0 0 0 1]
[0 1 0 0 0 0 0 0 1]
[0 0 1 0 0 0 0 0 0]
[0 0 0 1 0 0 0 0 1]
[0 0 0 0 1 0 0 0 1]
[0 0 0 0 0 1 0 0 0]
[0 0 0 0 0 0 1 0 0]
[0 0 0 0 0 0 0 1 1]


134
[1 0 0 0 0 0 0 0 0]
[0 1 0 0 0 0 0 0 0]
[0 0 1 0 0 0 0 0 0]
[0 0 0 1 0 0 0 0 0]
[0 0 0 0 1 0 0 0 0]
[0 0 0 0 0 1 0 0 0]
[0 0 0 0 0 0 1 0 0]
[0 0 0 0 0 0 0 1 0]
[0 0 0 0 0 0 0 0 1]


[1 0 0 0 0 0 0 0 0]
[0 0 0 0 0 0 0 0 1]
[0 1 0 0 0 0 0 0 1]
[0 0 1 0 0 0 0 0 1]
[0 0 0 1 0 0 0 0 0]
[0 0 0 0 1 0 0 0 0]
[0 0 0 0 0 1 0 0 1]
[0 0 0 0 0 0 1 0 0]
[0 0 0 0 0 0 0 1 1]


135
[1 0 0 0 0 0 0 0 0]
[0 1 0 0 0 0 0 0 0]
[0 0 1 0 0 0 0 0 0]
[0 0 0 1 0 0 0 0 0]
[0 0 0 0 1 0 0 0 0]
[0 0 0 0 0 1 0 0 0]
[0 0 0 0 0 0 1 0 0]
[0 0 0 0 0 0 0 1 0]
[0 0 0 0 0 0 0 0 1]


[1 0 0 0 0 0 0 0 0]
[0 0 0 0 0 0 0 0 1]
[0 1 0 0 0 0 0 0 1]
[0 0 1 0 0 0 0 0 0]
[0 0 0 1 0 0 0 0 0]
[0 0 0 0 1 0 0 0 1]
[0 0 0 0 0 1 0 0 1]
[0 0 0 0 0 0 1 0 0]
[0 0 0 0 0 0 0 1 1]


136
[1 0 0 0 0 0 0 0 0]
[0 1 0 0 0 0 0 0 0]
[0 0 1 0 0 0 0 0 0]
[0 0 0 1 0 0 0 0 0]
[0 0 0 0 1 0 0 0 0]
[0 0 0 0 0 1 0 0 0]
[0 0 0 0 0 0 1 0 0]
[0 0 0 0 0 0 0 1 0]
[0 0 0 0 0 0 0 0 1]


[1 0 0 0 0 0 0 0 0]
[0 0 0 0 0 0 0 0 1]
[0 1 0 0 0 0 0 0 0]
[0 0 1 0 0 0 0 0 0]
[0 0 0 1 0 0 0 0 0]
[0 0 0 0 1 0 0 0 0]
[0 0 0 0 0 1 0 0 0]
[0 0 0 0 0 0 1 0 1]
[0 0 0 0 0 0 0 1 1]


137
[1 0 0 0 0 0 0 0 0]
[0 1 0 0 0 0 0 0 0]
[0 0 1 0 0 0 0 0 0]
[0 0 0 1 0 0 0 0 0]
[0 0 0 0 1 0 0 0 0]
[0 0 0 0 0 1 0 0 0]
[0 0 0 0 0 0 1 0 0]
[0 0 0 0 0 0 0 1 0]
[0 0 0 0 0 0 0 0 1]


[1 0 0 0 0 0 0 0 0]
[0 0 0 0 0 0 0 0 1]
[0 1 0 0 0 0 0 0 1]
[0 0 1 0 0 0 0 0 0]
[0 0 0 1 0 0 0 0 1]
[0 0 0 0 1 0 0 0 0]
[0 0 0 0 0 1 0 0 0]
[0 0 0 0 0 0 1 0 1]
[0 0 0 0 0 0 0 1 1]


138
[1 0 0 0 0 0 0 0 0]
[0 1 0 0 0 0 0 0 0]
[0 0 1 0 0 0 0 0 0]
[0 0 0 1 0 0 0 0 0]
[0 0 0 0 1 0 0 0 0]
[0 0 0 0 0 1 0 0 0]
[0 0 0 0 0 0 1 0 0]
[0 0 0 0 0 0 0 1 0]
[0 0 0 0 0 0 0 0 1]


[1 0 0 0 0 0 0 0 0]
[0 0 0 0 0 0 0 0 1]
[0 1 0 0 0 0 0 0 0]
[0 0 1 0 0 0 0 0 0]
[0 0 0 1 0 0 0 0 1]
[0 0 0 0 1 0 0 0 0]
[0 0 0 0 0 1 0 0 1]
[0 0 0 0 0 0 1 0 1]
[0 0 0 0 0 0 0 1 1]


139
[1 0 0 0 0 0 0 0 0]
[0 1 0 0 0 0 0 0 0]
[0 0 1 0 0 0 0 0 0]
[0 0 0 1 0 0 0 0 0]
[0 0 0 0 1 0 0 0 0]
[0 0 0 0 0 1 0 0 0]
[0 0 0 0 0 0 1 0 0]
[0 0 0 0 0 0 0 1 0]
[0 0 0 0 0 0 0 0 1]


[1 0 0 0 0 0 0 0 0]
[0 0 0 0 0 0 0 0 1]
[0 1 0 0 0 0 0 0 0]
[0 0 1 0 0 0 0 0 1]
[0 0 0 1 0 0 0 0 1]
[0 0 0 0 1 0 0 0 1]
[0 0 0 0 0 1 0 0 1]
[0 0 0 0 0 0 1 0 1]
[0 0 0 0 0 0 0 1 1]


140
[1 0 0 0 0 0 0 0 0]
[0 1 0 0 0 0 0 0 0]
[0 0 1 0 0 0 0 0 0]
[0 0 0 1 0 0 0 0 0]
[0 0 0 0 1 0 0 0 0]
[0 0 0 0 0 1 0 0 0]
[0 0 0 0 0 0 1 0 0]
[0 0 0 0 0 0 0 1 0]
[0 0 0 0 0 0 0 0 1]


[1 0 0 0 0 0 0 0 0]
[0 1 0 0 0 0 0 0 0]
[0 0 0 0 0 0 0 0 1]
[0 0 1 0 0 0 0 0 0]
[0 0 0 1 0 0 0 0 0]
[0 0 0 0 1 0 0 0 0]
[0 0 0 0 0 1 0 0 0]
[0 0 0 0 0 0 1 0 0]
[0 0 0 0 0 0 0 1 0]


141
[1 0 0 0 0 0 0 0 0]
[0 1 0 0 0 0 0 0 0]
[0 0 1 0 0 0 0 0 0]
[0 0 0 1 0 0 0 0 0]
[0 0 0 0 1 0 0 0 0]
[0 0 0 0 0 1 0 0 0]
[0 0 0 0 0 0 1 0 0]
[0 0 0 0 0 0 0 1 0]
[0 0 0 0 0 0 0 0 1]


[0 0 1 0 0 0 0 0 0]
[1 0 1 0 0 0 0 0 0]
[0 1 0 0 0 0 0 0 0]
[0 0 0 0 0 0 0 0 1]
[0 0 0 1 0 0 0 0 1]
[0 0 0 0 1 0 0 0 1]
[0 0 0 0 0 1 0 0 1]
[0 0 0 0 0 0 1 0 1]
[0 0 0 0 0 0 0 1 1]


142
[1 0 0 0 0 0 0 0 0]
[0 1 0 0 0 0 0 0 0]
[0 0 1 0 0 0 0 0 0]
[0 0 0 1 0 0 0 0 0]
[0 0 0 0 1 0 0 0 0]
[0 0 0 0 0 1 0 0 0]
[0 0 0 0 0 0 1 0 0]
[0 0 0 0 0 0 0 1 0]
[0 0 0 0 0 0 0 0 1]


[0 0 1 0 0 0 0 0 0]
[1 0 0 0 0 0 0 0 0]
[0 1 1 0 0 0 0 0 0]
[0 0 0 0 0 0 0 0 1]
[0 0 0 1 0 0 0 0 1]
[0 0 0 0 1 0 0 0 1]
[0 0 0 0 0 1 0 0 1]
[0 0 0 0 0 0 1 0 1]
[0 0 0 0 0 0 0 1 1]


143
[1 0 0 0 0 0 0 0 0]
[0 1 0 0 0 0 0 0 0]
[0 0 1 0 0 0 0 0 0]
[0 0 0 1 0 0 0 0 0]
[0 0 0 0 1 0 0 0 0]
[0 0 0 0 0 1 0 0 0]
[0 0 0 0 0 0 1 0 0]
[0 0 0 0 0 0 0 1 0]
[0 0 0 0 0 0 0 0 1]


[1 0 0 0 0 0 0 0 0]
[0 1 0 0 0 0 0 0 0]
[0 0 1 0 0 0 0 0 0]
[0 0 0 0 0 0 0 0 1]
[0 0 0 1 0 0 0 0 1]
[0 0 0 0 1 0 0 0 1]
[0 0 0 0 0 1 0 0 0]
[0 0 0 0 0 0 1 0 0]
[0 0 0 0 0 0 0 1 0]


144
[1 0 0 0 0 0 0 0 0]
[0 1 0 0 0 0 0 0 0]
[0 0 1 0 0 0 0 0 0]
[0 0 0 1 0 0 0 0 0]
[0 0 0 0 1 0 0 0 0]
[0 0 0 0 0 1 0 0 0]
[0 0 0 0 0 0 1 0 0]
[0 0 0 0 0 0 0 1 0]
[0 0 0 0 0 0 0 0 1]


[1 0 0 0 0 0 0 0 0]
[0 1 0 0 0 0 0 0 0]
[0 0 1 0 0 0 0 0 0]
[0 0 0 0 0 0 0 0 1]
[0 0 0 1 0 0 0 0 0]
[0 0 0 0 1 0 0 0 1]
[0 0 0 0 0 1 0 0 1]
[0 0 0 0 0 0 1 0 0]
[0 0 0 0 0 0 0 1 0]


145
[1 0 0 0 0 0 0 0 0]
[0 1 0 0 0 0 0 0 0]
[0 0 1 0 0 0 0 0 0]
[0 0 0 1 0 0 0 0 0]
[0 0 0 0 1 0 0 0 0]
[0 0 0 0 0 1 0 0 0]
[0 0 0 0 0 0 1 0 0]
[0 0 0 0 0 0 0 1 0]
[0 0 0 0 0 0 0 0 1]


[1 0 0 0 0 0 0 0 0]
[0 1 0 0 0 0 0 0 0]
[0 0 1 0 0 0 0 0 0]
[0 0 0 0 0 0 0 0 1]
[0 0 0 1 0 0 0 0 0]
[0 0 0 0 1 0 0 0 0]
[0 0 0 0 0 1 0 0 1]
[0 0 0 0 0 0 1 0 1]
[0 0 0 0 0 0 0 1 0]


146
[1 0 0 0 0 0 0 0 0]
[0 1 0 0 0 0 0 0 0]
[0 0 1 0 0 0 0 0 0]
[0 0 0 1 0 0 0 0 0]
[0 0 0 0 1 0 0 0 0]
[0 0 0 0 0 1 0 0 0]
[0 0 0 0 0 0 1 0 0]
[0 0 0 0 0 0 0 1 0]
[0 0 0 0 0 0 0 0 1]


[1 0 0 0 0 0 0 0 0]
[0 1 0 0 0 0 0 0 0]
[0 0 1 0 0 0 0 0 0]
[0 0 0 0 0 0 0 0 1]
[0 0 0 1 0 0 0 0 1]
[0 0 0 0 1 0 0 0 1]
[0 0 0 0 0 1 0 0 1]
[0 0 0 0 0 0 1 0 0]
[0 0 0 0 0 0 0 1 1]


147
[1 0 0 0 0 0 0 0 0]
[0 1 0 0 0 0 0 0 0]
[0 0 1 0 0 0 0 0 0]
[0 0 0 1 0 0 0 0 0]
[0 0 0 0 1 0 0 0 0]
[0 0 0 0 0 1 0 0 0]
[0 0 0 0 0 0 1 0 0]
[0 0 0 0 0 0 0 1 0]
[0 0 0 0 0 0 0 0 1]


[1 0 0 0 0 0 0 0 0]
[0 1 0 0 0 0 0 0 0]
[0 0 1 0 0 0 0 0 0]
[0 0 0 0 0 0 0 0 1]
[0 0 0 1 0 0 0 0 0]
[0 0 0 0 1 0 0 0 0]
[0 0 0 0 0 1 0 0 0]
[0 0 0 0 0 0 1 0 1]
[0 0 0 0 0 0 0 1 1]


148
[1 0 0 0 0 0 0 0 0]
[0 1 0 0 0 0 0 0 0]
[0 0 1 0 0 0 0 0 0]
[0 0 0 1 0 0 0 0 0]
[0 0 0 0 1 0 0 0 0]
[0 0 0 0 0 1 0 0 0]
[0 0 0 0 0 0 1 0 0]
[0 0 0 0 0 0 0 1 0]
[0 0 0 0 0 0 0 0 1]


[1 0 0 0 0 0 0 0 0]
[0 1 0 0 0 0 0 0 0]
[0 0 1 0 0 0 0 0 0]
[0 0 0 0 0 0 0 0 1]
[0 0 0 1 0 0 0 0 1]
[0 0 0 0 1 0 0 0 0]
[0 0 0 0 0 1 0 0 1]
[0 0 0 0 0 0 1 0 1]
[0 0 0 0 0 0 0 1 1]


149
[1 0 0 0 0 0 0 0 0]
[0 1 0 0 0 0 0 0 0]
[0 0 1 0 0 0 0 0 0]
[0 0 0 1 0 0 0 0 0]
[0 0 0 0 1 0 0 0 0]
[0 0 0 0 0 1 0 0 0]
[0 0 0 0 0 0 1 0 0]
[0 0 0 0 0 0 0 1 0]
[0 0 0 0 0 0 0 0 1]


[0 0 0 1 0 0 0 0 0]
[1 0 0 1 0 0 0 0 0]
[0 1 0 1 0 0 0 0 0]
[0 0 1 1 0 0 0 0 0]
[0 0 0 0 0 0 0 0 1]
[0 0 0 0 1 0 0 0 0]
[0 0 0 0 0 1 0 0 0]
[0 0 0 0 0 0 1 0 0]
[0 0 0 0 0 0 0 1 0]


150
[1 0 0 0 0 0 0 0 0]
[0 1 0 0 0 0 0 0 0]
[0 0 1 0 0 0 0 0 0]
[0 0 0 1 0 0 0 0 0]
[0 0 0 0 1 0 0 0 0]
[0 0 0 0 0 1 0 0 0]
[0 0 0 0 0 0 1 0 0]
[0 0 0 0 0 0 0 1 0]
[0 0 0 0 0 0 0 0 1]


[1 0 0 0 0 0 0 0 0]
[0 1 0 0 0 0 0 0 0]
[0 0 1 0 0 0 0 0 0]
[0 0 0 1 0 0 0 0 0]
[0 0 0 0 0 0 0 0 1]
[0 0 0 0 1 0 0 0 0]
[0 0 0 0 0 1 0 0 0]
[0 0 0 0 0 0 1 0 0]
[0 0 0 0 0 0 0 1 0]


151
[1 0 0 0 0 0 0 0 0]
[0 1 0 0 0 0 0 0 0]
[0 0 1 0 0 0 0 0 0]
[0 0 0 1 0 0 0 0 0]
[0 0 0 0 1 0 0 0 0]
[0 0 0 0 0 1 0 0 0]
[0 0 0 0 0 0 1 0 0]
[0 0 0 0 0 0 0 1 0]
[0 0 0 0 0 0 0 0 1]


[1 0 0 0 0 0 0 0 0]
[0 0 0 0 1 0 0 0 0]
[0 1 0 0 1 0 0 0 0]
[0 0 1 0 1 0 0 0 0]
[0 0 0 1 0 0 0 0 0]
[0 0 0 0 0 0 0 0 1]
[0 0 0 0 0 1 0 0 1]
[0 0 0 0 0 0 1 0 1]
[0 0 0 0 0 0 0 1 0]


152
[1 0 0 0 0 0 0 0 0]
[0 1 0 0 0 0 0 0 0]
[0 0 1 0 0 0 0 0 0]
[0 0 0 1 0 0 0 0 0]
[0 0 0 0 1 0 0 0 0]
[0 0 0 0 0 1 0 0 0]
[0 0 0 0 0 0 1 0 0]
[0 0 0 0 0 0 0 1 0]
[0 0 0 0 0 0 0 0 1]


[1 0 0 0 0 0 0 0 0]
[0 0 0 0 1 0 0 0 0]
[0 1 0 0 0 0 0 0 0]
[0 0 1 0 1 0 0 0 0]
[0 0 0 1 1 0 0 0 0]
[0 0 0 0 0 0 0 0 1]
[0 0 0 0 0 1 0 0 0]
[0 0 0 0 0 0 1 0 1]
[0 0 0 0 0 0 0 1 1]


153
[1 0 0 0 0 0 0 0 0]
[0 1 0 0 0 0 0 0 0]
[0 0 1 0 0 0 0 0 0]
[0 0 0 1 0 0 0 0 0]
[0 0 0 0 1 0 0 0 0]
[0 0 0 0 0 1 0 0 0]
[0 0 0 0 0 0 1 0 0]
[0 0 0 0 0 0 0 1 0]
[0 0 0 0 0 0 0 0 1]


[1 0 0 0 0 0 0 0 0]
[0 1 0 0 0 0 0 0 0]
[0 0 1 0 0 0 0 0 0]
[0 0 0 1 0 0 0 0 0]
[0 0 0 0 1 0 0 0 0]
[0 0 0 0 0 0 0 0 1]
[0 0 0 0 0 1 0 0 1]
[0 0 0 0 0 0 1 0 1]
[0 0 0 0 0 0 0 1 0]


154
[1 0 0 0 0 0 0 0 0]
[0 1 0 0 0 0 0 0 0]
[0 0 1 0 0 0 0 0 0]
[0 0 0 1 0 0 0 0 0]
[0 0 0 0 1 0 0 0 0]
[0 0 0 0 0 1 0 0 0]
[0 0 0 0 0 0 1 0 0]
[0 0 0 0 0 0 0 1 0]
[0 0 0 0 0 0 0 0 1]


[1 0 0 0 0 0 0 0 0]
[0 1 0 0 0 0 0 0 0]
[0 0 1 0 0 0 0 0 0]
[0 0 0 1 0 0 0 0 0]
[0 0 0 0 1 0 0 0 0]
[0 0 0 0 0 0 0 0 1]
[0 0 0 0 0 1 0 0 0]
[0 0 0 0 0 0 1 0 1]
[0 0 0 0 0 0 0 1 1]


155
[1 0 0 0 0 0 0 0 0]
[0 1 0 0 0 0 0 0 0]
[0 0 1 0 0 0 0 0 0]
[0 0 0 1 0 0 0 0 0]
[0 0 0 0 1 0 0 0 0]
[0 0 0 0 0 1 0 0 0]
[0 0 0 0 0 0 1 0 0]
[0 0 0 0 0 0 0 1 0]
[0 0 0 0 0 0 0 0 1]


[0 0 1 0 0 0 0 0 0]
[1 0 0 0 0 0 0 0 0]
[0 1 0 0 0 0 0 0 0]
[0 0 0 0 0 1 0 0 0]
[0 0 0 1 0 0 0 0 0]
[0 0 0 0 1 0 0 0 0]
[0 0 0 0 0 0 0 0 1]
[0 0 0 0 0 0 1 0 0]
[0 0 0 0 0 0 0 1 0]


156
[1 0 0 0 0 0 0 0 0]
[0 1 0 0 0 0 0 0 0]
[0 0 1 0 0 0 0 0 0]
[0 0 0 1 0 0 0 0 0]
[0 0 0 0 1 0 0 0 0]
[0 0 0 0 0 1 0 0 0]
[0 0 0 0 0 0 1 0 0]
[0 0 0 0 0 0 0 1 0]
[0 0 0 0 0 0 0 0 1]


[0 0 1 0 0 0 0 0 0]
[1 0 1 0 0 0 0 0 0]
[0 1 0 0 0 0 0 0 0]
[0 0 0 0 0 1 0 0 0]
[0 0 0 1 0 1 0 0 0]
[0 0 0 0 1 0 0 0 0]
[0 0 0 0 0 0 0 0 1]
[0 0 0 0 0 0 1 0 1]
[0 0 0 0 0 0 0 1 0]


157
[1 0 0 0 0 0 0 0 0]
[0 1 0 0 0 0 0 0 0]
[0 0 1 0 0 0 0 0 0]
[0 0 0 1 0 0 0 0 0]
[0 0 0 0 1 0 0 0 0]
[0 0 0 0 0 1 0 0 0]
[0 0 0 0 0 0 1 0 0]
[0 0 0 0 0 0 0 1 0]
[0 0 0 0 0 0 0 0 1]


[0 0 1 0 0 0 0 0 0]
[1 0 0 0 0 0 0 0 0]
[0 1 1 0 0 0 0 0 0]
[0 0 0 0 0 1 0 0 0]
[0 0 0 1 0 0 0 0 0]
[0 0 0 0 1 1 0 0 0]
[0 0 0 0 0 0 0 0 1]
[0 0 0 0 0 0 1 0 0]
[0 0 0 0 0 0 0 1 1]


158
[1 0 0 0 0 0 0 0 0]
[0 1 0 0 0 0 0 0 0]
[0 0 1 0 0 0 0 0 0]
[0 0 0 1 0 0 0 0 0]
[0 0 0 0 1 0 0 0 0]
[0 0 0 0 0 1 0 0 0]
[0 0 0 0 0 0 1 0 0]
[0 0 0 0 0 0 0 1 0]
[0 0 0 0 0 0 0 0 1]


[1 0 0 0 0 0 0 0 0]
[0 1 0 0 0 0 0 0 0]
[0 0 1 0 0 0 0 0 0]
[0 0 0 0 0 1 0 0 0]
[0 0 0 1 0 0 0 0 0]
[0 0 0 0 1 0 0 0 0]
[0 0 0 0 0 0 0 0 1]
[0 0 0 0 0 0 1 0 0]
[0 0 0 0 0 0 0 1 0]


159
[1 0 0 0 0 0 0 0 0]
[0 1 0 0 0 0 0 0 0]
[0 0 1 0 0 0 0 0 0]
[0 0 0 1 0 0 0 0 0]
[0 0 0 0 1 0 0 0 0]
[0 0 0 0 0 1 0 0 0]
[0 0 0 0 0 0 1 0 0]
[0 0 0 0 0 0 0 1 0]
[0 0 0 0 0 0 0 0 1]


[0 1 0 0 0 0 0 0 0]
[1 1 0 0 0 0 0 0 0]
[0 0 0 1 0 0 0 0 0]
[0 0 1 1 0 0 0 0 0]
[0 0 0 0 0 1 0 0 0]
[0 0 0 0 1 1 0 0 0]
[0 0 0 0 0 0 0 0 1]
[0 0 0 0 0 0 1 0 0]
[0 0 0 0 0 0 0 1 0]


160
[1 0 0 0 0 0 0 0 0]
[0 1 0 0 0 0 0 0 0]
[0 0 1 0 0 0 0 0 0]
[0 0 0 1 0 0 0 0 0]
[0 0 0 0 1 0 0 0 0]
[0 0 0 0 0 1 0 0 0]
[0 0 0 0 0 0 1 0 0]
[0 0 0 0 0 0 0 1 0]
[0 0 0 0 0 0 0 0 1]


[1 0 0 0 0 0 0 0 0]
[0 1 0 0 0 0 0 0 0]
[0 0 1 0 0 0 0 0 0]
[0 0 0 1 0 0 0 0 0]
[0 0 0 0 1 0 0 0 0]
[0 0 0 0 0 1 0 0 0]
[0 0 0 0 0 0 0 0 1]
[0 0 0 0 0 0 1 0 0]
[0 0 0 0 0 0 0 1 0]


161
[1 0 0 0 0 0 0 0 0]
[0 1 0 0 0 0 0 0 0]
[0 0 1 0 0 0 0 0 0]
[0 0 0 1 0 0 0 0 0]
[0 0 0 0 1 0 0 0 0]
[0 0 0 0 0 1 0 0 0]
[0 0 0 0 0 0 1 0 0]
[0 0 0 0 0 0 0 1 0]
[0 0 0 0 0 0 0 0 1]


[1 0 0 0 0 0 0 0 0]
[0 0 1 0 0 0 0 0 0]
[0 1 0 0 0 0 0 0 0]
[0 0 0 0 1 0 0 0 0]
[0 0 0 1 0 0 0 0 0]
[0 0 0 0 0 0 1 0 0]
[0 0 0 0 0 1 0 0 0]
[0 0 0 0 0 0 0 0 1]
[0 0 0 0 0 0 0 1 0]


162
[1 0 0 0 0 0 0 0 0]
[0 1 0 0 0 0 0 0 0]
[0 0 1 0 0 0 0 0 0]
[0 0 0 1 0 0 0 0 0]
[0 0 0 0 1 0 0 0 0]
[0 0 0 0 0 1 0 0 0]
[0 0 0 0 0 0 1 0 0]
[0 0 0 0 0 0 0 1 0]
[0 0 0 0 0 0 0 0 1]


[1 0 0 0 0 0 0 0 0]
[0 1 0 0 0 0 0 0 0]
[0 0 1 0 0 0 0 0 0]
[0 0 0 0 1 0 0 0 0]
[0 0 0 1 0 0 0 0 0]
[0 0 0 0 0 0 1 0 0]
[0 0 0 0 0 1 0 0 0]
[0 0 0 0 0 0 0 0 1]
[0 0 0 0 0 0 0 1 0]


163
[1 0 0 0 0 0 0 0 0]
[0 1 0 0 0 0 0 0 0]
[0 0 1 0 0 0 0 0 0]
[0 0 0 1 0 0 0 0 0]
[0 0 0 0 1 0 0 0 0]
[0 0 0 0 0 1 0 0 0]
[0 0 0 0 0 0 1 0 0]
[0 0 0 0 0 0 0 1 0]
[0 0 0 0 0 0 0 0 1]


[1 0 0 0 0 0 0 0 0]
[0 1 0 0 0 0 0 0 0]
[0 0 1 0 0 0 0 0 0]
[0 0 0 1 0 0 0 0 0]
[0 0 0 0 1 0 0 0 0]
[0 0 0 0 0 0 1 0 0]
[0 0 0 0 0 1 0 0 0]
[0 0 0 0 0 0 0 0 1]
[0 0 0 0 0 0 0 1 0]


164
[1 0 0 0 0 0 0 0 0]
[0 1 0 0 0 0 0 0 0]
[0 0 1 0 0 0 0 0 0]
[0 0 0 1 0 0 0 0 0]
[0 0 0 0 1 0 0 0 0]
[0 0 0 0 0 1 0 0 0]
[0 0 0 0 0 0 1 0 0]
[0 0 0 0 0 0 0 1 0]
[0 0 0 0 0 0 0 0 1]


[1 0 0 0 0 0 0 0 0]
[0 1 0 0 0 0 0 0 0]
[0 0 1 0 0 0 0 0 0]
[0 0 0 1 0 0 0 0 0]
[0 0 0 0 1 0 0 0 0]
[0 0 0 0 0 1 0 0 0]
[0 0 0 0 0 0 1 0 0]
[0 0 0 0 0 0 0 0 1]
[0 0 0 0 0 0 0 1 0]


165
[0 0 0 0 0 0 0 0 1]
[1 0 0 0 0 0 0 0 1]
[0 1 0 0 0 0 0 0 0]
[0 0 1 0 0 0 0 0 0]
[0 0 0 1 0 0 0 0 0]
[0 0 0 0 1 0 0 0 0]
[0 0 0 0 0 1 0 0 0]
[0 0 0 0 0 0 1 0 0]
[0 0 0 0 0 0 0 1 0]


[1 0 0 0 0 0 0 0 0]
[0 1 0 0 0 0 0 0 0]
[0 0 1 0 0 0 0 0 0]
[0 0 0 1 0 0 0 0 0]
[0 0 0 0 1 0 0 0 0]
[0 0 0 0 0 1 0 0 0]
[0 0 0 0 0 0 1 0 0]
[0 0 0 0 0 0 0 1 0]
[0 0 0 0 0 0 0 0 1]


166
[0 0 0 0 0 0 0 0 1]
[1 0 0 0 0 0 0 0 1]
[0 1 0 0 0 0 0 0 1]
[0 0 1 0 0 0 0 0 0]
[0 0 0 1 0 0 0 0 1]
[0 0 0 0 1 0 0 0 0]
[0 0 0 0 0 1 0 0 0]
[0 0 0 0 0 0 1 0 0]
[0 0 0 0 0 0 0 1 0]


[1 0 0 0 0 0 0 0 0]
[0 1 0 0 0 0 0 0 0]
[0 0 1 0 0 0 0 0 0]
[0 0 0 1 0 0 0 0 0]
[0 0 0 0 1 0 0 0 0]
[0 0 0 0 0 1 0 0 0]
[0 0 0 0 0 0 1 0 0]
[0 0 0 0 0 0 0 1 0]
[0 0 0 0 0 0 0 0 1]


167
[0 0 0 0 0 0 0 0 1]
[1 0 0 0 0 0 0 0 1]
[0 1 0 0 0 0 0 0 0]
[0 0 1 0 0 0 0 0 1]
[0 0 0 1 0 0 0 0 0]
[0 0 0 0 1 0 0 0 0]
[0 0 0 0 0 1 0 0 1]
[0 0 0 0 0 0 1 0 0]
[0 0 0 0 0 0 0 1 0]


[1 0 0 0 0 0 0 0 0]
[0 1 0 0 0 0 0 0 0]
[0 0 1 0 0 0 0 0 0]
[0 0 0 1 0 0 0 0 0]
[0 0 0 0 1 0 0 0 0]
[0 0 0 0 0 1 0 0 0]
[0 0 0 0 0 0 1 0 0]
[0 0 0 0 0 0 0 1 0]
[0 0 0 0 0 0 0 0 1]


168
[0 0 0 0 0 0 0 0 1]
[1 0 0 0 0 0 0 0 0]
[0 1 0 0 0 0 0 0 1]
[0 0 1 0 0 0 0 0 0]
[0 0 0 1 0 0 0 0 0]
[0 0 0 0 1 0 0 0 1]
[0 0 0 0 0 1 0 0 1]
[0 0 0 0 0 0 1 0 0]
[0 0 0 0 0 0 0 1 0]


[1 0 0 0 0 0 0 0 0]
[0 1 0 0 0 0 0 0 0]
[0 0 1 0 0 0 0 0 0]
[0 0 0 1 0 0 0 0 0]
[0 0 0 0 1 0 0 0 0]
[0 0 0 0 0 1 0 0 0]
[0 0 0 0 0 0 1 0 0]
[0 0 0 0 0 0 0 1 0]
[0 0 0 0 0 0 0 0 1]


169
[0 0 0 0 0 0 0 0 1]
[1 0 0 0 0 0 0 0 0]
[0 1 0 0 0 0 0 0 0]
[0 0 1 0 0 0 0 0 1]
[0 0 0 1 0 0 0 0 1]
[0 0 0 0 1 0 0 0 1]
[0 0 0 0 0 1 0 0 1]
[0 0 0 0 0 0 1 0 0]
[0 0 0 0 0 0 0 1 0]


[1 0 0 0 0 0 0 0 0]
[0 1 0 0 0 0 0 0 0]
[0 0 1 0 0 0 0 0 0]
[0 0 0 1 0 0 0 0 0]
[0 0 0 0 1 0 0 0 0]
[0 0 0 0 0 1 0 0 0]
[0 0 0 0 0 0 1 0 0]
[0 0 0 0 0 0 0 1 0]
[0 0 0 0 0 0 0 0 1]


170
[0 0 0 0 0 0 0 0 1]
[1 0 0 0 0 0 0 0 0]
[0 1 0 0 0 0 0 0 0]
[0 0 1 0 0 0 0 0 1]
[0 0 0 1 0 0 0 0 1]
[0 0 0 0 1 0 0 0 0]
[0 0 0 0 0 1 0 0 0]
[0 0 0 0 0 0 1 0 1]
[0 0 0 0 0 0 0 1 0]


[1 0 0 0 0 0 0 0 0]
[0 1 0 0 0 0 0 0 0]
[0 0 1 0 0 0 0 0 0]
[0 0 0 1 0 0 0 0 0]
[0 0 0 0 1 0 0 0 0]
[0 0 0 0 0 1 0 0 0]
[0 0 0 0 0 0 1 0 0]
[0 0 0 0 0 0 0 1 0]
[0 0 0 0 0 0 0 0 1]


171
[0 0 0 0 0 0 0 0 1]
[1 0 0 0 0 0 0 0 0]
[0 1 0 0 0 0 0 0 0]
[0 0 1 0 0 0 0 0 0]
[0 0 0 1 0 0 0 0 0]
[0 0 0 0 1 0 0 0 0]
[0 0 0 0 0 1 0 0 0]
[0 0 0 0 0 0 1 0 0]
[0 0 0 0 0 0 0 1 1]


[1 0 0 0 0 0 0 0 0]
[0 1 0 0 0 0 0 0 0]
[0 0 1 0 0 0 0 0 0]
[0 0 0 1 0 0 0 0 0]
[0 0 0 0 1 0 0 0 0]
[0 0 0 0 0 1 0 0 0]
[0 0 0 0 0 0 1 0 0]
[0 0 0 0 0 0 0 1 0]
[0 0 0 0 0 0 0 0 1]


172
[0 0 0 0 0 0 0 0 1]
[1 0 0 0 0 0 0 0 0]
[0 1 0 0 0 0 0 0 0]
[0 0 1 0 0 0 0 0 1]
[0 0 0 1 0 0 0 0 0]
[0 0 0 0 1 0 0 0 0]
[0 0 0 0 0 1 0 0 1]
[0 0 0 0 0 0 1 0 0]
[0 0 0 0 0 0 0 1 1]


[1 0 0 0 0 0 0 0 0]
[0 1 0 0 0 0 0 0 0]
[0 0 1 0 0 0 0 0 0]
[0 0 0 1 0 0 0 0 0]
[0 0 0 0 1 0 0 0 0]
[0 0 0 0 0 1 0 0 0]
[0 0 0 0 0 0 1 0 0]
[0 0 0 0 0 0 0 1 0]
[0 0 0 0 0 0 0 0 1]


173
[0 0 0 0 0 0 0 0 1]
[1 0 0 0 0 0 0 0 1]
[0 1 0 0 0 0 0 0 0]
[0 0 1 0 0 0 0 0 1]
[0 0 0 1 0 0 0 0 0]
[0 0 0 0 1 0 0 0 0]
[0 0 0 0 0 1 0 0 1]
[0 0 0 0 0 0 1 0 0]
[0 0 0 0 0 0 0 1 1]


[1 0 0 0 0 0 0 0 0]
[0 1 0 0 0 0 0 0 0]
[0 0 1 0 0 0 0 0 0]
[0 0 0 1 0 0 0 0 0]
[0 0 0 0 1 0 0 0 0]
[0 0 0 0 0 1 0 0 0]
[0 0 0 0 0 0 1 0 0]
[0 0 0 0 0 0 0 1 0]
[0 0 0 0 0 0 0 0 1]


174
[0 0 0 0 0 0 0 0 1]
[1 0 0 0 0 0 0 0 0]
[0 1 0 0 0 0 0 0 0]
[0 0 1 0 0 0 0 0 0]
[0 0 0 1 0 0 0 0 0]
[0 0 0 0 1 0 0 0 1]
[0 0 0 0 0 1 0 0 0]
[0 0 0 0 0 0 1 0 1]
[0 0 0 0 0 0 0 1 1]


[1 0 0 0 0 0 0 0 0]
[0 1 0 0 0 0 0 0 0]
[0 0 1 0 0 0 0 0 0]
[0 0 0 1 0 0 0 0 0]
[0 0 0 0 1 0 0 0 0]
[0 0 0 0 0 1 0 0 0]
[0 0 0 0 0 0 1 0 0]
[0 0 0 0 0 0 0 1 0]
[0 0 0 0 0 0 0 0 1]


175
[1 0 0 0 0 0 0 0 0]
[0 0 0 0 0 0 0 0 1]
[0 1 0 0 0 0 0 0 1]
[0 0 1 0 0 0 0 0 1]
[0 0 0 1 0 0 0 0 0]
[0 0 0 0 1 0 0 0 0]
[0 0 0 0 0 1 0 0 0]
[0 0 0 0 0 0 1 0 0]
[0 0 0 0 0 0 0 1 0]


[1 0 0 0 0 0 0 0 0]
[0 1 0 0 0 0 0 0 0]
[0 0 1 0 0 0 0 0 0]
[0 0 0 1 0 0 0 0 0]
[0 0 0 0 1 0 0 0 0]
[0 0 0 0 0 1 0 0 0]
[0 0 0 0 0 0 1 0 0]
[0 0 0 0 0 0 0 1 0]
[0 0 0 0 0 0 0 0 1]


176
[1 0 0 0 0 0 0 0 0]
[0 0 0 0 0 0 0 0 1]
[0 1 0 0 0 0 0 0 1]
[0 0 1 0 0 0 0 0 0]
[0 0 0 1 0 0 0 0 0]
[0 0 0 0 1 0 0 0 1]
[0 0 0 0 0 1 0 0 0]
[0 0 0 0 0 0 1 0 0]
[0 0 0 0 0 0 0 1 0]


[1 0 0 0 0 0 0 0 0]
[0 1 0 0 0 0 0 0 0]
[0 0 1 0 0 0 0 0 0]
[0 0 0 1 0 0 0 0 0]
[0 0 0 0 1 0 0 0 0]
[0 0 0 0 0 1 0 0 0]
[0 0 0 0 0 0 1 0 0]
[0 0 0 0 0 0 0 1 0]
[0 0 0 0 0 0 0 0 1]


177
[1 0 0 0 0 0 0 0 0]
[0 0 0 0 0 0 0 0 1]
[0 1 0 0 0 0 0 0 0]
[0 0 1 0 0 0 0 0 0]
[0 0 0 1 0 0 0 0 1]
[0 0 0 0 1 0 0 0 1]
[0 0 0 0 0 1 0 0 0]
[0 0 0 0 0 0 1 0 0]
[0 0 0 0 0 0 0 1 0]


[1 0 0 0 0 0 0 0 0]
[0 1 0 0 0 0 0 0 0]
[0 0 1 0 0 0 0 0 0]
[0 0 0 1 0 0 0 0 0]
[0 0 0 0 1 0 0 0 0]
[0 0 0 0 0 1 0 0 0]
[0 0 0 0 0 0 1 0 0]
[0 0 0 0 0 0 0 1 0]
[0 0 0 0 0 0 0 0 1]


178
[1 0 0 0 0 0 0 0 0]
[0 0 0 0 0 0 0 0 1]
[0 1 0 0 0 0 0 0 1]
[0 0 1 0 0 0 0 0 1]
[0 0 0 1 0 0 0 0 1]
[0 0 0 0 1 0 0 0 0]
[0 0 0 0 0 1 0 0 1]
[0 0 0 0 0 0 1 0 0]
[0 0 0 0 0 0 0 1 0]


[1 0 0 0 0 0 0 0 0]
[0 1 0 0 0 0 0 0 0]
[0 0 1 0 0 0 0 0 0]
[0 0 0 1 0 0 0 0 0]
[0 0 0 0 1 0 0 0 0]
[0 0 0 0 0 1 0 0 0]
[0 0 0 0 0 0 1 0 0]
[0 0 0 0 0 0 0 1 0]
[0 0 0 0 0 0 0 0 1]


179
[1 0 0 0 0 0 0 0 0]
[0 0 0 0 0 0 0 0 1]
[0 1 0 0 0 0 0 0 0]
[0 0 1 0 0 0 0 0 0]
[0 0 0 1 0 0 0 0 0]
[0 0 0 0 1 0 0 0 1]
[0 0 0 0 0 1 0 0 1]
[0 0 0 0 0 0 1 0 0]
[0 0 0 0 0 0 0 1 0]


[1 0 0 0 0 0 0 0 0]
[0 1 0 0 0 0 0 0 0]
[0 0 1 0 0 0 0 0 0]
[0 0 0 1 0 0 0 0 0]
[0 0 0 0 1 0 0 0 0]
[0 0 0 0 0 1 0 0 0]
[0 0 0 0 0 0 1 0 0]
[0 0 0 0 0 0 0 1 0]
[0 0 0 0 0 0 0 0 1]


180
[1 0 0 0 0 0 0 0 0]
[0 0 0 0 0 0 0 0 1]
[0 1 0 0 0 0 0 0 1]
[0 0 1 0 0 0 0 0 0]
[0 0 0 1 0 0 0 0 0]
[0 0 0 0 1 0 0 0 0]
[0 0 0 0 0 1 0 0 0]
[0 0 0 0 0 0 1 0 1]
[0 0 0 0 0 0 0 1 0]


[1 0 0 0 0 0 0 0 0]
[0 1 0 0 0 0 0 0 0]
[0 0 1 0 0 0 0 0 0]
[0 0 0 1 0 0 0 0 0]
[0 0 0 0 1 0 0 0 0]
[0 0 0 0 0 1 0 0 0]
[0 0 0 0 0 0 1 0 0]
[0 0 0 0 0 0 0 1 0]
[0 0 0 0 0 0 0 0 1]


181
[1 0 0 0 0 0 0 0 0]
[0 0 0 0 0 0 0 0 1]
[0 1 0 0 0 0 0 0 0]
[0 0 1 0 0 0 0 0 1]
[0 0 0 1 0 0 0 0 1]
[0 0 0 0 1 0 0 0 1]
[0 0 0 0 0 1 0 0 0]
[0 0 0 0 0 0 1 0 1]
[0 0 0 0 0 0 0 1 0]


[1 0 0 0 0 0 0 0 0]
[0 1 0 0 0 0 0 0 0]
[0 0 1 0 0 0 0 0 0]
[0 0 0 1 0 0 0 0 0]
[0 0 0 0 1 0 0 0 0]
[0 0 0 0 0 1 0 0 0]
[0 0 0 0 0 0 1 0 0]
[0 0 0 0 0 0 0 1 0]
[0 0 0 0 0 0 0 0 1]


182
[1 0 0 0 0 0 0 0 0]
[0 0 0 0 0 0 0 0 1]
[0 1 0 0 0 0 0 0 0]
[0 0 1 0 0 0 0 0 1]
[0 0 0 1 0 0 0 0 0]
[0 0 0 0 1 0 0 0 1]
[0 0 0 0 0 1 0 0 1]
[0 0 0 0 0 0 1 0 1]
[0 0 0 0 0 0 0 1 0]


[1 0 0 0 0 0 0 0 0]
[0 1 0 0 0 0 0 0 0]
[0 0 1 0 0 0 0 0 0]
[0 0 0 1 0 0 0 0 0]
[0 0 0 0 1 0 0 0 0]
[0 0 0 0 0 1 0 0 0]
[0 0 0 0 0 0 1 0 0]
[0 0 0 0 0 0 0 1 0]
[0 0 0 0 0 0 0 0 1]


183
[1 0 0 0 0 0 0 0 0]
[0 0 0 0 0 0 0 0 1]
[0 1 0 0 0 0 0 0 1]
[0 0 1 0 0 0 0 0 1]
[0 0 0 1 0 0 0 0 1]
[0 0 0 0 1 0 0 0 1]
[0 0 0 0 0 1 0 0 1]
[0 0 0 0 0 0 1 0 1]
[0 0 0 0 0 0 0 1 0]


[1 0 0 0 0 0 0 0 0]
[0 1 0 0 0 0 0 0 0]
[0 0 1 0 0 0 0 0 0]
[0 0 0 1 0 0 0 0 0]
[0 0 0 0 1 0 0 0 0]
[0 0 0 0 0 1 0 0 0]
[0 0 0 0 0 0 1 0 0]
[0 0 0 0 0 0 0 1 0]
[0 0 0 0 0 0 0 0 1]


184
[1 0 0 0 0 0 0 0 0]
[0 0 0 0 0 0 0 0 1]
[0 1 0 0 0 0 0 0 0]
[0 0 1 0 0 0 0 0 1]
[0 0 0 1 0 0 0 0 0]
[0 0 0 0 1 0 0 0 0]
[0 0 0 0 0 1 0 0 0]
[0 0 0 0 0 0 1 0 0]
[0 0 0 0 0 0 0 1 1]


[1 0 0 0 0 0 0 0 0]
[0 1 0 0 0 0 0 0 0]
[0 0 1 0 0 0 0 0 0]
[0 0 0 1 0 0 0 0 0]
[0 0 0 0 1 0 0 0 0]
[0 0 0 0 0 1 0 0 0]
[0 0 0 0 0 0 1 0 0]
[0 0 0 0 0 0 0 1 0]
[0 0 0 0 0 0 0 0 1]


185
[1 0 0 0 0 0 0 0 0]
[0 0 0 0 0 0 0 0 1]
[0 1 0 0 0 0 0 0 0]
[0 0 1 0 0 0 0 0 0]
[0 0 0 1 0 0 0 0 0]
[0 0 0 0 1 0 0 0 1]
[0 0 0 0 0 1 0 0 0]
[0 0 0 0 0 0 1 0 0]
[0 0 0 0 0 0 0 1 1]


[1 0 0 0 0 0 0 0 0]
[0 1 0 0 0 0 0 0 0]
[0 0 1 0 0 0 0 0 0]
[0 0 0 1 0 0 0 0 0]
[0 0 0 0 1 0 0 0 0]
[0 0 0 0 0 1 0 0 0]
[0 0 0 0 0 0 1 0 0]
[0 0 0 0 0 0 0 1 0]
[0 0 0 0 0 0 0 0 1]


186
[1 0 0 0 0 0 0 0 0]
[0 0 0 0 0 0 0 0 1]
[0 1 0 0 0 0 0 0 1]
[0 0 1 0 0 0 0 0 0]
[0 0 0 1 0 0 0 0 1]
[0 0 0 0 1 0 0 0 1]
[0 0 0 0 0 1 0 0 0]
[0 0 0 0 0 0 1 0 0]
[0 0 0 0 0 0 0 1 1]


[1 0 0 0 0 0 0 0 0]
[0 1 0 0 0 0 0 0 0]
[0 0 1 0 0 0 0 0 0]
[0 0 0 1 0 0 0 0 0]
[0 0 0 0 1 0 0 0 0]
[0 0 0 0 0 1 0 0 0]
[0 0 0 0 0 0 1 0 0]
[0 0 0 0 0 0 0 1 0]
[0 0 0 0 0 0 0 0 1]


187
[1 0 0 0 0 0 0 0 0]
[0 0 0 0 0 0 0 0 1]
[0 1 0 0 0 0 0 0 1]
[0 0 1 0 0 0 0 0 1]
[0 0 0 1 0 0 0 0 0]
[0 0 0 0 1 0 0 0 0]
[0 0 0 0 0 1 0 0 1]
[0 0 0 0 0 0 1 0 0]
[0 0 0 0 0 0 0 1 1]


[1 0 0 0 0 0 0 0 0]
[0 1 0 0 0 0 0 0 0]
[0 0 1 0 0 0 0 0 0]
[0 0 0 1 0 0 0 0 0]
[0 0 0 0 1 0 0 0 0]
[0 0 0 0 0 1 0 0 0]
[0 0 0 0 0 0 1 0 0]
[0 0 0 0 0 0 0 1 0]
[0 0 0 0 0 0 0 0 1]


188
[1 0 0 0 0 0 0 0 0]
[0 0 0 0 0 0 0 0 1]
[0 1 0 0 0 0 0 0 1]
[0 0 1 0 0 0 0 0 0]
[0 0 0 1 0 0 0 0 0]
[0 0 0 0 1 0 0 0 1]
[0 0 0 0 0 1 0 0 1]
[0 0 0 0 0 0 1 0 0]
[0 0 0 0 0 0 0 1 1]


[1 0 0 0 0 0 0 0 0]
[0 1 0 0 0 0 0 0 0]
[0 0 1 0 0 0 0 0 0]
[0 0 0 1 0 0 0 0 0]
[0 0 0 0 1 0 0 0 0]
[0 0 0 0 0 1 0 0 0]
[0 0 0 0 0 0 1 0 0]
[0 0 0 0 0 0 0 1 0]
[0 0 0 0 0 0 0 0 1]


189
[1 0 0 0 0 0 0 0 0]
[0 0 0 0 0 0 0 0 1]
[0 1 0 0 0 0 0 0 0]
[0 0 1 0 0 0 0 0 0]
[0 0 0 1 0 0 0 0 0]
[0 0 0 0 1 0 0 0 0]
[0 0 0 0 0 1 0 0 0]
[0 0 0 0 0 0 1 0 1]
[0 0 0 0 0 0 0 1 1]


[1 0 0 0 0 0 0 0 0]
[0 1 0 0 0 0 0 0 0]
[0 0 1 0 0 0 0 0 0]
[0 0 0 1 0 0 0 0 0]
[0 0 0 0 1 0 0 0 0]
[0 0 0 0 0 1 0 0 0]
[0 0 0 0 0 0 1 0 0]
[0 0 0 0 0 0 0 1 0]
[0 0 0 0 0 0 0 0 1]


190
[1 0 0 0 0 0 0 0 0]
[0 0 0 0 0 0 0 0 1]
[0 1 0 0 0 0 0 0 1]
[0 0 1 0 0 0 0 0 0]
[0 0 0 1 0 0 0 0 1]
[0 0 0 0 1 0 0 0 0]
[0 0 0 0 0 1 0 0 0]
[0 0 0 0 0 0 1 0 1]
[0 0 0 0 0 0 0 1 1]


[1 0 0 0 0 0 0 0 0]
[0 1 0 0 0 0 0 0 0]
[0 0 1 0 0 0 0 0 0]
[0 0 0 1 0 0 0 0 0]
[0 0 0 0 1 0 0 0 0]
[0 0 0 0 0 1 0 0 0]
[0 0 0 0 0 0 1 0 0]
[0 0 0 0 0 0 0 1 0]
[0 0 0 0 0 0 0 0 1]


191
[1 0 0 0 0 0 0 0 0]
[0 0 0 0 0 0 0 0 1]
[0 1 0 0 0 0 0 0 0]
[0 0 1 0 0 0 0 0 0]
[0 0 0 1 0 0 0 0 1]
[0 0 0 0 1 0 0 0 0]
[0 0 0 0 0 1 0 0 1]
[0 0 0 0 0 0 1 0 1]
[0 0 0 0 0 0 0 1 1]


[1 0 0 0 0 0 0 0 0]
[0 1 0 0 0 0 0 0 0]
[0 0 1 0 0 0 0 0 0]
[0 0 0 1 0 0 0 0 0]
[0 0 0 0 1 0 0 0 0]
[0 0 0 0 0 1 0 0 0]
[0 0 0 0 0 0 1 0 0]
[0 0 0 0 0 0 0 1 0]
[0 0 0 0 0 0 0 0 1]


192
[1 0 0 0 0 0 0 0 0]
[0 0 0 0 0 0 0 0 1]
[0 1 0 0 0 0 0 0 0]
[0 0 1 0 0 0 0 0 1]
[0 0 0 1 0 0 0 0 1]
[0 0 0 0 1 0 0 0 1]
[0 0 0 0 0 1 0 0 1]
[0 0 0 0 0 0 1 0 1]
[0 0 0 0 0 0 0 1 1]


[1 0 0 0 0 0 0 0 0]
[0 1 0 0 0 0 0 0 0]
[0 0 1 0 0 0 0 0 0]
[0 0 0 1 0 0 0 0 0]
[0 0 0 0 1 0 0 0 0]
[0 0 0 0 0 1 0 0 0]
[0 0 0 0 0 0 1 0 0]
[0 0 0 0 0 0 0 1 0]
[0 0 0 0 0 0 0 0 1]


193
[1 0 0 0 0 0 0 0 0]
[0 1 0 0 0 0 0 0 0]
[0 0 0 0 0 0 0 0 1]
[0 0 1 0 0 0 0 0 0]
[0 0 0 1 0 0 0 0 0]
[0 0 0 0 1 0 0 0 0]
[0 0 0 0 0 1 0 0 0]
[0 0 0 0 0 0 1 0 0]
[0 0 0 0 0 0 0 1 0]


[1 0 0 0 0 0 0 0 0]
[0 1 0 0 0 0 0 0 0]
[0 0 1 0 0 0 0 0 0]
[0 0 0 1 0 0 0 0 0]
[0 0 0 0 1 0 0 0 0]
[0 0 0 0 0 1 0 0 0]
[0 0 0 0 0 0 1 0 0]
[0 0 0 0 0 0 0 1 0]
[0 0 0 0 0 0 0 0 1]


194
[0 0 1 0 0 0 0 0 0]
[1 0 1 0 0 0 0 0 0]
[0 1 0 0 0 0 0 0 0]
[0 0 0 0 0 0 0 0 1]
[0 0 0 1 0 0 0 0 1]
[0 0 0 0 1 0 0 0 1]
[0 0 0 0 0 1 0 0 1]
[0 0 0 0 0 0 1 0 1]
[0 0 0 0 0 0 0 1 1]


[1 0 0 0 0 0 0 0 0]
[0 1 0 0 0 0 0 0 0]
[0 0 1 0 0 0 0 0 0]
[0 0 0 1 0 0 0 0 0]
[0 0 0 0 1 0 0 0 0]
[0 0 0 0 0 1 0 0 0]
[0 0 0 0 0 0 1 0 0]
[0 0 0 0 0 0 0 1 0]
[0 0 0 0 0 0 0 0 1]


195
[0 0 1 0 0 0 0 0 0]
[1 0 0 0 0 0 0 0 0]
[0 1 1 0 0 0 0 0 0]
[0 0 0 0 0 0 0 0 1]
[0 0 0 1 0 0 0 0 1]
[0 0 0 0 1 0 0 0 1]
[0 0 0 0 0 1 0 0 1]
[0 0 0 0 0 0 1 0 1]
[0 0 0 0 0 0 0 1 1]


[1 0 0 0 0 0 0 0 0]
[0 1 0 0 0 0 0 0 0]
[0 0 1 0 0 0 0 0 0]
[0 0 0 1 0 0 0 0 0]
[0 0 0 0 1 0 0 0 0]
[0 0 0 0 0 1 0 0 0]
[0 0 0 0 0 0 1 0 0]
[0 0 0 0 0 0 0 1 0]
[0 0 0 0 0 0 0 0 1]


196
[1 0 0 0 0 0 0 0 0]
[0 1 0 0 0 0 0 0 0]
[0 0 1 0 0 0 0 0 0]
[0 0 0 0 0 0 0 0 1]
[0 0 0 1 0 0 0 0 1]
[0 0 0 0 1 0 0 0 1]
[0 0 0 0 0 1 0 0 0]
[0 0 0 0 0 0 1 0 0]
[0 0 0 0 0 0 0 1 0]


[1 0 0 0 0 0 0 0 0]
[0 1 0 0 0 0 0 0 0]
[0 0 1 0 0 0 0 0 0]
[0 0 0 1 0 0 0 0 0]
[0 0 0 0 1 0 0 0 0]
[0 0 0 0 0 1 0 0 0]
[0 0 0 0 0 0 1 0 0]
[0 0 0 0 0 0 0 1 0]
[0 0 0 0 0 0 0 0 1]


197
[1 0 0 0 0 0 0 0 0]
[0 1 0 0 0 0 0 0 0]
[0 0 1 0 0 0 0 0 0]
[0 0 0 0 0 0 0 0 1]
[0 0 0 1 0 0 0 0 0]
[0 0 0 0 1 0 0 0 1]
[0 0 0 0 0 1 0 0 1]
[0 0 0 0 0 0 1 0 0]
[0 0 0 0 0 0 0 1 0]


[1 0 0 0 0 0 0 0 0]
[0 1 0 0 0 0 0 0 0]
[0 0 1 0 0 0 0 0 0]
[0 0 0 1 0 0 0 0 0]
[0 0 0 0 1 0 0 0 0]
[0 0 0 0 0 1 0 0 0]
[0 0 0 0 0 0 1 0 0]
[0 0 0 0 0 0 0 1 0]
[0 0 0 0 0 0 0 0 1]


198
[1 0 0 0 0 0 0 0 0]
[0 1 0 0 0 0 0 0 0]
[0 0 1 0 0 0 0 0 0]
[0 0 0 0 0 0 0 0 1]
[0 0 0 1 0 0 0 0 0]
[0 0 0 0 1 0 0 0 0]
[0 0 0 0 0 1 0 0 1]
[0 0 0 0 0 0 1 0 1]
[0 0 0 0 0 0 0 1 0]


[1 0 0 0 0 0 0 0 0]
[0 1 0 0 0 0 0 0 0]
[0 0 1 0 0 0 0 0 0]
[0 0 0 1 0 0 0 0 0]
[0 0 0 0 1 0 0 0 0]
[0 0 0 0 0 1 0 0 0]
[0 0 0 0 0 0 1 0 0]
[0 0 0 0 0 0 0 1 0]
[0 0 0 0 0 0 0 0 1]


199
[1 0 0 0 0 0 0 0 0]
[0 1 0 0 0 0 0 0 0]
[0 0 1 0 0 0 0 0 0]
[0 0 0 0 0 0 0 0 1]
[0 0 0 1 0 0 0 0 1]
[0 0 0 0 1 0 0 0 1]
[0 0 0 0 0 1 0 0 1]
[0 0 0 0 0 0 1 0 0]
[0 0 0 0 0 0 0 1 1]


[1 0 0 0 0 0 0 0 0]
[0 1 0 0 0 0 0 0 0]
[0 0 1 0 0 0 0 0 0]
[0 0 0 1 0 0 0 0 0]
[0 0 0 0 1 0 0 0 0]
[0 0 0 0 0 1 0 0 0]
[0 0 0 0 0 0 1 0 0]
[0 0 0 0 0 0 0 1 0]
[0 0 0 0 0 0 0 0 1]


200
[1 0 0 0 0 0 0 0 0]
[0 1 0 0 0 0 0 0 0]
[0 0 1 0 0 0 0 0 0]
[0 0 0 0 0 0 0 0 1]
[0 0 0 1 0 0 0 0 0]
[0 0 0 0 1 0 0 0 0]
[0 0 0 0 0 1 0 0 0]
[0 0 0 0 0 0 1 0 1]
[0 0 0 0 0 0 0 1 1]


[1 0 0 0 0 0 0 0 0]
[0 1 0 0 0 0 0 0 0]
[0 0 1 0 0 0 0 0 0]
[0 0 0 1 0 0 0 0 0]
[0 0 0 0 1 0 0 0 0]
[0 0 0 0 0 1 0 0 0]
[0 0 0 0 0 0 1 0 0]
[0 0 0 0 0 0 0 1 0]
[0 0 0 0 0 0 0 0 1]


201
[1 0 0 0 0 0 0 0 0]
[0 1 0 0 0 0 0 0 0]
[0 0 1 0 0 0 0 0 0]
[0 0 0 0 0 0 0 0 1]
[0 0 0 1 0 0 0 0 1]
[0 0 0 0 1 0 0 0 0]
[0 0 0 0 0 1 0 0 1]
[0 0 0 0 0 0 1 0 1]
[0 0 0 0 0 0 0 1 1]


[1 0 0 0 0 0 0 0 0]
[0 1 0 0 0 0 0 0 0]
[0 0 1 0 0 0 0 0 0]
[0 0 0 1 0 0 0 0 0]
[0 0 0 0 1 0 0 0 0]
[0 0 0 0 0 1 0 0 0]
[0 0 0 0 0 0 1 0 0]
[0 0 0 0 0 0 0 1 0]
[0 0 0 0 0 0 0 0 1]


202
[0 0 0 1 0 0 0 0 0]
[1 0 0 1 0 0 0 0 0]
[0 1 0 1 0 0 0 0 0]
[0 0 1 1 0 0 0 0 0]
[0 0 0 0 0 0 0 0 1]
[0 0 0 0 1 0 0 0 0]
[0 0 0 0 0 1 0 0 0]
[0 0 0 0 0 0 1 0 0]
[0 0 0 0 0 0 0 1 0]


[1 0 0 0 0 0 0 0 0]
[0 1 0 0 0 0 0 0 0]
[0 0 1 0 0 0 0 0 0]
[0 0 0 1 0 0 0 0 0]
[0 0 0 0 1 0 0 0 0]
[0 0 0 0 0 1 0 0 0]
[0 0 0 0 0 0 1 0 0]
[0 0 0 0 0 0 0 1 0]
[0 0 0 0 0 0 0 0 1]


203
[1 0 0 0 0 0 0 0 0]
[0 1 0 0 0 0 0 0 0]
[0 0 1 0 0 0 0 0 0]
[0 0 0 1 0 0 0 0 0]
[0 0 0 0 0 0 0 0 1]
[0 0 0 0 1 0 0 0 0]
[0 0 0 0 0 1 0 0 0]
[0 0 0 0 0 0 1 0 0]
[0 0 0 0 0 0 0 1 0]


[1 0 0 0 0 0 0 0 0]
[0 1 0 0 0 0 0 0 0]
[0 0 1 0 0 0 0 0 0]
[0 0 0 1 0 0 0 0 0]
[0 0 0 0 1 0 0 0 0]
[0 0 0 0 0 1 0 0 0]
[0 0 0 0 0 0 1 0 0]
[0 0 0 0 0 0 0 1 0]
[0 0 0 0 0 0 0 0 1]


204
[1 0 0 0 0 0 0 0 0]
[0 0 0 0 1 0 0 0 0]
[0 1 0 0 1 0 0 0 0]
[0 0 1 0 1 0 0 0 0]
[0 0 0 1 0 0 0 0 0]
[0 0 0 0 0 0 0 0 1]
[0 0 0 0 0 1 0 0 1]
[0 0 0 0 0 0 1 0 1]
[0 0 0 0 0 0 0 1 0]


[1 0 0 0 0 0 0 0 0]
[0 1 0 0 0 0 0 0 0]
[0 0 1 0 0 0 0 0 0]
[0 0 0 1 0 0 0 0 0]
[0 0 0 0 1 0 0 0 0]
[0 0 0 0 0 1 0 0 0]
[0 0 0 0 0 0 1 0 0]
[0 0 0 0 0 0 0 1 0]
[0 0 0 0 0 0 0 0 1]


205
[1 0 0 0 0 0 0 0 0]
[0 0 0 0 1 0 0 0 0]
[0 1 0 0 0 0 0 0 0]
[0 0 1 0 1 0 0 0 0]
[0 0 0 1 1 0 0 0 0]
[0 0 0 0 0 0 0 0 1]
[0 0 0 0 0 1 0 0 0]
[0 0 0 0 0 0 1 0 1]
[0 0 0 0 0 0 0 1 1]


[1 0 0 0 0 0 0 0 0]
[0 1 0 0 0 0 0 0 0]
[0 0 1 0 0 0 0 0 0]
[0 0 0 1 0 0 0 0 0]
[0 0 0 0 1 0 0 0 0]
[0 0 0 0 0 1 0 0 0]
[0 0 0 0 0 0 1 0 0]
[0 0 0 0 0 0 0 1 0]
[0 0 0 0 0 0 0 0 1]


206
[1 0 0 0 0 0 0 0 0]
[0 1 0 0 0 0 0 0 0]
[0 0 1 0 0 0 0 0 0]
[0 0 0 1 0 0 0 0 0]
[0 0 0 0 1 0 0 0 0]
[0 0 0 0 0 0 0 0 1]
[0 0 0 0 0 1 0 0 1]
[0 0 0 0 0 0 1 0 1]
[0 0 0 0 0 0 0 1 0]


[1 0 0 0 0 0 0 0 0]
[0 1 0 0 0 0 0 0 0]
[0 0 1 0 0 0 0 0 0]
[0 0 0 1 0 0 0 0 0]
[0 0 0 0 1 0 0 0 0]
[0 0 0 0 0 1 0 0 0]
[0 0 0 0 0 0 1 0 0]
[0 0 0 0 0 0 0 1 0]
[0 0 0 0 0 0 0 0 1]


207
[1 0 0 0 0 0 0 0 0]
[0 1 0 0 0 0 0 0 0]
[0 0 1 0 0 0 0 0 0]
[0 0 0 1 0 0 0 0 0]
[0 0 0 0 1 0 0 0 0]
[0 0 0 0 0 0 0 0 1]
[0 0 0 0 0 1 0 0 0]
[0 0 0 0 0 0 1 0 1]
[0 0 0 0 0 0 0 1 1]


[1 0 0 0 0 0 0 0 0]
[0 1 0 0 0 0 0 0 0]
[0 0 1 0 0 0 0 0 0]
[0 0 0 1 0 0 0 0 0]
[0 0 0 0 1 0 0 0 0]
[0 0 0 0 0 1 0 0 0]
[0 0 0 0 0 0 1 0 0]
[0 0 0 0 0 0 0 1 0]
[0 0 0 0 0 0 0 0 1]


208
[0 0 1 0 0 0 0 0 0]
[1 0 0 0 0 0 0 0 0]
[0 1 0 0 0 0 0 0 0]
[0 0 0 0 0 1 0 0 0]
[0 0 0 1 0 0 0 0 0]
[0 0 0 0 1 0 0 0 0]
[0 0 0 0 0 0 0 0 1]
[0 0 0 0 0 0 1 0 0]
[0 0 0 0 0 0 0 1 0]


[1 0 0 0 0 0 0 0 0]
[0 1 0 0 0 0 0 0 0]
[0 0 1 0 0 0 0 0 0]
[0 0 0 1 0 0 0 0 0]
[0 0 0 0 1 0 0 0 0]
[0 0 0 0 0 1 0 0 0]
[0 0 0 0 0 0 1 0 0]
[0 0 0 0 0 0 0 1 0]
[0 0 0 0 0 0 0 0 1]


209
[0 0 1 0 0 0 0 0 0]
[1 0 1 0 0 0 0 0 0]
[0 1 0 0 0 0 0 0 0]
[0 0 0 0 0 1 0 0 0]
[0 0 0 1 0 1 0 0 0]
[0 0 0 0 1 0 0 0 0]
[0 0 0 0 0 0 0 0 1]
[0 0 0 0 0 0 1 0 1]
[0 0 0 0 0 0 0 1 0]


[1 0 0 0 0 0 0 0 0]
[0 1 0 0 0 0 0 0 0]
[0 0 1 0 0 0 0 0 0]
[0 0 0 1 0 0 0 0 0]
[0 0 0 0 1 0 0 0 0]
[0 0 0 0 0 1 0 0 0]
[0 0 0 0 0 0 1 0 0]
[0 0 0 0 0 0 0 1 0]
[0 0 0 0 0 0 0 0 1]


210
[0 0 1 0 0 0 0 0 0]
[1 0 0 0 0 0 0 0 0]
[0 1 1 0 0 0 0 0 0]
[0 0 0 0 0 1 0 0 0]
[0 0 0 1 0 0 0 0 0]
[0 0 0 0 1 1 0 0 0]
[0 0 0 0 0 0 0 0 1]
[0 0 0 0 0 0 1 0 0]
[0 0 0 0 0 0 0 1 1]


[1 0 0 0 0 0 0 0 0]
[0 1 0 0 0 0 0 0 0]
[0 0 1 0 0 0 0 0 0]
[0 0 0 1 0 0 0 0 0]
[0 0 0 0 1 0 0 0 0]
[0 0 0 0 0 1 0 0 0]
[0 0 0 0 0 0 1 0 0]
[0 0 0 0 0 0 0 1 0]
[0 0 0 0 0 0 0 0 1]


211
[1 0 0 0 0 0 0 0 0]
[0 1 0 0 0 0 0 0 0]
[0 0 1 0 0 0 0 0 0]
[0 0 0 0 0 1 0 0 0]
[0 0 0 1 0 0 0 0 0]
[0 0 0 0 1 0 0 0 0]
[0 0 0 0 0 0 0 0 1]
[0 0 0 0 0 0 1 0 0]
[0 0 0 0 0 0 0 1 0]


[1 0 0 0 0 0 0 0 0]
[0 1 0 0 0 0 0 0 0]
[0 0 1 0 0 0 0 0 0]
[0 0 0 1 0 0 0 0 0]
[0 0 0 0 1 0 0 0 0]
[0 0 0 0 0 1 0 0 0]
[0 0 0 0 0 0 1 0 0]
[0 0 0 0 0 0 0 1 0]
[0 0 0 0 0 0 0 0 1]


212
[0 1 0 0 0 0 0 0 0]
[1 1 0 0 0 0 0 0 0]
[0 0 0 1 0 0 0 0 0]
[0 0 1 1 0 0 0 0 0]
[0 0 0 0 0 1 0 0 0]
[0 0 0 0 1 1 0 0 0]
[0 0 0 0 0 0 0 0 1]
[0 0 0 0 0 0 1 0 0]
[0 0 0 0 0 0 0 1 0]


[1 0 0 0 0 0 0 0 0]
[0 1 0 0 0 0 0 0 0]
[0 0 1 0 0 0 0 0 0]
[0 0 0 1 0 0 0 0 0]
[0 0 0 0 1 0 0 0 0]
[0 0 0 0 0 1 0 0 0]
[0 0 0 0 0 0 1 0 0]
[0 0 0 0 0 0 0 1 0]
[0 0 0 0 0 0 0 0 1]


213
[1 0 0 0 0 0 0 0 0]
[0 1 0 0 0 0 0 0 0]
[0 0 1 0 0 0 0 0 0]
[0 0 0 1 0 0 0 0 0]
[0 0 0 0 1 0 0 0 0]
[0 0 0 0 0 1 0 0 0]
[0 0 0 0 0 0 0 0 1]
[0 0 0 0 0 0 1 0 0]
[0 0 0 0 0 0 0 1 0]


[1 0 0 0 0 0 0 0 0]
[0 1 0 0 0 0 0 0 0]
[0 0 1 0 0 0 0 0 0]
[0 0 0 1 0 0 0 0 0]
[0 0 0 0 1 0 0 0 0]
[0 0 0 0 0 1 0 0 0]
[0 0 0 0 0 0 1 0 0]
[0 0 0 0 0 0 0 1 0]
[0 0 0 0 0 0 0 0 1]


214
[1 0 0 0 0 0 0 0 0]
[0 0 1 0 0 0 0 0 0]
[0 1 0 0 0 0 0 0 0]
[0 0 0 0 1 0 0 0 0]
[0 0 0 1 0 0 0 0 0]
[0 0 0 0 0 0 1 0 0]
[0 0 0 0 0 1 0 0 0]
[0 0 0 0 0 0 0 0 1]
[0 0 0 0 0 0 0 1 0]


[1 0 0 0 0 0 0 0 0]
[0 1 0 0 0 0 0 0 0]
[0 0 1 0 0 0 0 0 0]
[0 0 0 1 0 0 0 0 0]
[0 0 0 0 1 0 0 0 0]
[0 0 0 0 0 1 0 0 0]
[0 0 0 0 0 0 1 0 0]
[0 0 0 0 0 0 0 1 0]
[0 0 0 0 0 0 0 0 1]


215
[1 0 0 0 0 0 0 0 0]
[0 1 0 0 0 0 0 0 0]
[0 0 1 0 0 0 0 0 0]
[0 0 0 0 1 0 0 0 0]
[0 0 0 1 0 0 0 0 0]
[0 0 0 0 0 0 1 0 0]
[0 0 0 0 0 1 0 0 0]
[0 0 0 0 0 0 0 0 1]
[0 0 0 0 0 0 0 1 0]


[1 0 0 0 0 0 0 0 0]
[0 1 0 0 0 0 0 0 0]
[0 0 1 0 0 0 0 0 0]
[0 0 0 1 0 0 0 0 0]
[0 0 0 0 1 0 0 0 0]
[0 0 0 0 0 1 0 0 0]
[0 0 0 0 0 0 1 0 0]
[0 0 0 0 0 0 0 1 0]
[0 0 0 0 0 0 0 0 1]


216
[1 0 0 0 0 0 0 0 0]
[0 1 0 0 0 0 0 0 0]
[0 0 1 0 0 0 0 0 0]
[0 0 0 1 0 0 0 0 0]
[0 0 0 0 1 0 0 0 0]
[0 0 0 0 0 0 1 0 0]
[0 0 0 0 0 1 0 0 0]
[0 0 0 0 0 0 0 0 1]
[0 0 0 0 0 0 0 1 0]


[1 0 0 0 0 0 0 0 0]
[0 1 0 0 0 0 0 0 0]
[0 0 1 0 0 0 0 0 0]
[0 0 0 1 0 0 0 0 0]
[0 0 0 0 1 0 0 0 0]
[0 0 0 0 0 1 0 0 0]
[0 0 0 0 0 0 1 0 0]
[0 0 0 0 0 0 0 1 0]
[0 0 0 0 0 0 0 0 1]


217
[1 0 0 0 0 0 0 0 0]
[0 1 0 0 0 0 0 0 0]
[0 0 1 0 0 0 0 0 0]
[0 0 0 1 0 0 0 0 0]
[0 0 0 0 1 0 0 0 0]
[0 0 0 0 0 1 0 0 0]
[0 0 0 0 0 0 1 0 0]
[0 0 0 0 0 0 0 0 1]
[0 0 0 0 0 0 0 1 0]


[1 0 0 0 0 0 0 0 0]
[0 1 0 0 0 0 0 0 0]
[0 0 1 0 0 0 0 0 0]
[0 0 0 1 0 0 0 0 0]
[0 0 0 0 1 0 0 0 0]
[0 0 0 0 0 1 0 0 0]
[0 0 0 0 0 0 1 0 0]
[0 0 0 0 0 0 0 1 0]
[0 0 0 0 0 0 0 0 1]
