/* This file contains the 8-bit matrix tuples for linear self-equivalences
*/

1
[0 0 0 0 0 0 0 1]
[1 0 0 0 0 0 0 1]
[0 1 0 0 0 0 0 1]
[0 0 1 0 0 0 0 0]
[0 0 0 1 0 0 0 1]
[0 0 0 0 1 0 0 0]
[0 0 0 0 0 1 0 1]
[0 0 0 0 0 0 1 1]


[0 0 0 0 0 0 0 1]
[1 0 0 0 0 0 0 0]
[0 1 0 0 0 0 0 0]
[0 0 1 0 0 0 0 1]
[0 0 0 1 0 0 0 1]
[0 0 0 0 1 0 0 1]
[0 0 0 0 0 1 0 0]
[0 0 0 0 0 0 1 0]


2
[0 0 0 0 0 0 0 1]
[1 0 0 0 0 0 0 1]
[0 1 0 0 0 0 0 1]
[0 0 1 0 0 0 0 0]
[0 0 0 1 0 0 0 1]
[0 0 0 0 1 0 0 0]
[0 0 0 0 0 1 0 1]
[0 0 0 0 0 0 1 1]


[0 0 0 0 0 0 0 1]
[1 0 0 0 0 0 0 1]
[0 1 0 0 0 0 0 1]
[0 0 1 0 0 0 0 0]
[0 0 0 1 0 0 0 1]
[0 0 0 0 1 0 0 0]
[0 0 0 0 0 1 0 1]
[0 0 0 0 0 0 1 1]


3
[0 0 0 0 0 0 0 1]
[1 0 0 0 0 0 0 0]
[0 1 0 0 0 0 0 1]
[0 0 1 0 0 0 0 1]
[0 0 0 1 0 0 0 1]
[0 0 0 0 1 0 0 1]
[0 0 0 0 0 1 0 1]
[0 0 0 0 0 0 1 1]


[0 0 0 0 0 0 0 1]
[1 0 0 0 0 0 0 1]
[0 1 0 0 0 0 0 1]
[0 0 1 0 0 0 0 0]
[0 0 0 1 0 0 0 0]
[0 0 0 0 1 0 0 0]
[0 0 0 0 0 1 0 0]
[0 0 0 0 0 0 1 0]


4
[0 0 0 0 0 0 0 1]
[1 0 0 0 0 0 0 0]
[0 1 0 0 0 0 0 1]
[0 0 1 0 0 0 0 1]
[0 0 0 1 0 0 0 1]
[0 0 0 0 1 0 0 1]
[0 0 0 0 0 1 0 1]
[0 0 0 0 0 0 1 1]


[0 0 0 0 0 0 0 1]
[1 0 0 0 0 0 0 1]
[0 1 0 0 0 0 0 0]
[0 0 1 0 0 0 0 0]
[0 0 0 1 0 0 0 1]
[0 0 0 0 1 0 0 0]
[0 0 0 0 0 1 0 0]
[0 0 0 0 0 0 1 0]


5
[0 0 0 0 0 0 0 1]
[1 0 0 0 0 0 0 0]
[0 1 0 0 0 0 0 1]
[0 0 1 0 0 0 0 1]
[0 0 0 1 0 0 0 1]
[0 0 0 0 1 0 0 1]
[0 0 0 0 0 1 0 1]
[0 0 0 0 0 0 1 1]


[0 0 0 0 0 0 0 1]
[1 0 0 0 0 0 0 0]
[0 1 0 0 0 0 0 0]
[0 0 1 0 0 0 0 1]
[0 0 0 1 0 0 0 1]
[0 0 0 0 1 0 0 0]
[0 0 0 0 0 1 0 0]
[0 0 0 0 0 0 1 0]


6
[0 0 0 0 0 0 0 1]
[1 0 0 0 0 0 0 0]
[0 1 0 0 0 0 0 1]
[0 0 1 0 0 0 0 1]
[0 0 0 1 0 0 0 1]
[0 0 0 0 1 0 0 1]
[0 0 0 0 0 1 0 1]
[0 0 0 0 0 0 1 1]


[0 0 0 0 0 0 0 1]
[1 0 0 0 0 0 0 1]
[0 1 0 0 0 0 0 1]
[0 0 1 0 0 0 0 1]
[0 0 0 1 0 0 0 0]
[0 0 0 0 1 0 0 1]
[0 0 0 0 0 1 0 0]
[0 0 0 0 0 0 1 0]


7
[0 0 0 0 0 0 0 1]
[1 0 0 0 0 0 0 0]
[0 1 0 0 0 0 0 1]
[0 0 1 0 0 0 0 1]
[0 0 0 1 0 0 0 1]
[0 0 0 0 1 0 0 1]
[0 0 0 0 0 1 0 1]
[0 0 0 0 0 0 1 1]


[0 0 0 0 0 0 0 1]
[1 0 0 0 0 0 0 0]
[0 1 0 0 0 0 0 0]
[0 0 1 0 0 0 0 0]
[0 0 0 1 0 0 0 1]
[0 0 0 0 1 0 0 1]
[0 0 0 0 0 1 0 0]
[0 0 0 0 0 0 1 0]


8
[0 0 0 0 0 0 0 1]
[1 0 0 0 0 0 0 0]
[0 1 0 0 0 0 0 1]
[0 0 1 0 0 0 0 1]
[0 0 0 1 0 0 0 1]
[0 0 0 0 1 0 0 1]
[0 0 0 0 0 1 0 1]
[0 0 0 0 0 0 1 1]


[0 0 0 0 0 0 0 1]
[1 0 0 0 0 0 0 1]
[0 1 0 0 0 0 0 0]
[0 0 1 0 0 0 0 0]
[0 0 0 1 0 0 0 0]
[0 0 0 0 1 0 0 0]
[0 0 0 0 0 1 0 1]
[0 0 0 0 0 0 1 0]


9
[0 0 0 0 0 0 0 1]
[1 0 0 0 0 0 0 0]
[0 1 0 0 0 0 0 1]
[0 0 1 0 0 0 0 1]
[0 0 0 1 0 0 0 1]
[0 0 0 0 1 0 0 1]
[0 0 0 0 0 1 0 1]
[0 0 0 0 0 0 1 1]


[0 0 0 0 0 0 0 1]
[1 0 0 0 0 0 0 0]
[0 1 0 0 0 0 0 1]
[0 0 1 0 0 0 0 1]
[0 0 0 1 0 0 0 1]
[0 0 0 0 1 0 0 0]
[0 0 0 0 0 1 0 1]
[0 0 0 0 0 0 1 0]


10
[0 0 0 0 0 0 0 1]
[1 0 0 0 0 0 0 0]
[0 1 0 0 0 0 0 1]
[0 0 1 0 0 0 0 1]
[0 0 0 1 0 0 0 1]
[0 0 0 0 1 0 0 1]
[0 0 0 0 0 1 0 1]
[0 0 0 0 0 0 1 1]


[0 0 0 0 0 0 0 1]
[1 0 0 0 0 0 0 0]
[0 1 0 0 0 0 0 1]
[0 0 1 0 0 0 0 0]
[0 0 0 1 0 0 0 1]
[0 0 0 0 1 0 0 1]
[0 0 0 0 0 1 0 1]
[0 0 0 0 0 0 1 0]


11
[0 0 0 0 0 0 0 1]
[1 0 0 0 0 0 0 0]
[0 1 0 0 0 0 0 1]
[0 0 1 0 0 0 0 1]
[0 0 0 1 0 0 0 1]
[0 0 0 0 1 0 0 1]
[0 0 0 0 0 1 0 1]
[0 0 0 0 0 0 1 1]


[0 0 0 0 0 0 0 1]
[1 0 0 0 0 0 0 1]
[0 1 0 0 0 0 0 1]
[0 0 1 0 0 0 0 1]
[0 0 0 1 0 0 0 1]
[0 0 0 0 1 0 0 1]
[0 0 0 0 0 1 0 1]
[0 0 0 0 0 0 1 0]


12
[0 0 0 0 0 0 0 1]
[1 0 0 0 0 0 0 0]
[0 1 0 0 0 0 0 1]
[0 0 1 0 0 0 0 1]
[0 0 0 1 0 0 0 1]
[0 0 0 0 1 0 0 1]
[0 0 0 0 0 1 0 1]
[0 0 0 0 0 0 1 1]


[0 0 0 0 0 0 0 1]
[1 0 0 0 0 0 0 0]
[0 1 0 0 0 0 0 1]
[0 0 1 0 0 0 0 0]
[0 0 0 1 0 0 0 0]
[0 0 0 0 1 0 0 0]
[0 0 0 0 0 1 0 0]
[0 0 0 0 0 0 1 1]


13
[0 0 0 0 0 0 0 1]
[1 0 0 0 0 0 0 0]
[0 1 0 0 0 0 0 1]
[0 0 1 0 0 0 0 1]
[0 0 0 1 0 0 0 1]
[0 0 0 0 1 0 0 1]
[0 0 0 0 0 1 0 1]
[0 0 0 0 0 0 1 1]


[0 0 0 0 0 0 0 1]
[1 0 0 0 0 0 0 0]
[0 1 0 0 0 0 0 0]
[0 0 1 0 0 0 0 0]
[0 0 0 1 0 0 0 1]
[0 0 0 0 1 0 0 0]
[0 0 0 0 0 1 0 0]
[0 0 0 0 0 0 1 1]


14
[0 0 0 0 0 0 0 1]
[1 0 0 0 0 0 0 0]
[0 1 0 0 0 0 0 1]
[0 0 1 0 0 0 0 1]
[0 0 0 1 0 0 0 1]
[0 0 0 0 1 0 0 1]
[0 0 0 0 0 1 0 1]
[0 0 0 0 0 0 1 1]


[0 0 0 0 0 0 0 1]
[1 0 0 0 0 0 0 1]
[0 1 0 0 0 0 0 0]
[0 0 1 0 0 0 0 1]
[0 0 0 1 0 0 0 1]
[0 0 0 0 1 0 0 0]
[0 0 0 0 0 1 0 0]
[0 0 0 0 0 0 1 1]


15
[0 0 0 0 0 0 0 1]
[1 0 0 0 0 0 0 0]
[0 1 0 0 0 0 0 1]
[0 0 1 0 0 0 0 1]
[0 0 0 1 0 0 0 1]
[0 0 0 0 1 0 0 1]
[0 0 0 0 0 1 0 1]
[0 0 0 0 0 0 1 1]


[0 0 0 0 0 0 0 1]
[1 0 0 0 0 0 0 1]
[0 1 0 0 0 0 0 1]
[0 0 1 0 0 0 0 0]
[0 0 0 1 0 0 0 0]
[0 0 0 0 1 0 0 1]
[0 0 0 0 0 1 0 0]
[0 0 0 0 0 0 1 1]


16
[0 0 0 0 0 0 0 1]
[1 0 0 0 0 0 0 0]
[0 1 0 0 0 0 0 1]
[0 0 1 0 0 0 0 1]
[0 0 0 1 0 0 0 1]
[0 0 0 0 1 0 0 1]
[0 0 0 0 0 1 0 1]
[0 0 0 0 0 0 1 1]


[0 0 0 0 0 0 0 1]
[1 0 0 0 0 0 0 1]
[0 1 0 0 0 0 0 0]
[0 0 1 0 0 0 0 0]
[0 0 0 1 0 0 0 1]
[0 0 0 0 1 0 0 1]
[0 0 0 0 0 1 0 0]
[0 0 0 0 0 0 1 1]


17
[0 0 0 0 0 0 0 1]
[1 0 0 0 0 0 0 0]
[0 1 0 0 0 0 0 1]
[0 0 1 0 0 0 0 1]
[0 0 0 1 0 0 0 1]
[0 0 0 0 1 0 0 1]
[0 0 0 0 0 1 0 1]
[0 0 0 0 0 0 1 1]


[0 0 0 0 0 0 0 1]
[1 0 0 0 0 0 0 0]
[0 1 0 0 0 0 0 0]
[0 0 1 0 0 0 0 0]
[0 0 0 1 0 0 0 0]
[0 0 0 0 1 0 0 0]
[0 0 0 0 0 1 0 1]
[0 0 0 0 0 0 1 1]


18
[0 0 0 0 0 0 0 1]
[1 0 0 0 0 0 0 0]
[0 1 0 0 0 0 0 1]
[0 0 1 0 0 0 0 1]
[0 0 0 1 0 0 0 1]
[0 0 0 0 1 0 0 1]
[0 0 0 0 0 1 0 1]
[0 0 0 0 0 0 1 1]


[0 0 0 0 0 0 0 1]
[1 0 0 0 0 0 0 1]
[0 1 0 0 0 0 0 0]
[0 0 1 0 0 0 0 1]
[0 0 0 1 0 0 0 0]
[0 0 0 0 1 0 0 0]
[0 0 0 0 0 1 0 1]
[0 0 0 0 0 0 1 1]


19
[0 0 0 0 0 0 0 1]
[1 0 0 0 0 0 0 0]
[0 1 0 0 0 0 0 1]
[0 0 1 0 0 0 0 1]
[0 0 0 1 0 0 0 1]
[0 0 0 0 1 0 0 1]
[0 0 0 0 0 1 0 1]
[0 0 0 0 0 0 1 1]


[0 0 0 0 0 0 0 1]
[1 0 0 0 0 0 0 0]
[0 1 0 0 0 0 0 0]
[0 0 1 0 0 0 0 1]
[0 0 0 1 0 0 0 0]
[0 0 0 0 1 0 0 1]
[0 0 0 0 0 1 0 1]
[0 0 0 0 0 0 1 1]


20
[0 0 0 0 0 0 0 1]
[1 0 0 0 0 0 0 0]
[0 1 0 0 0 0 0 1]
[0 0 1 0 0 0 0 1]
[0 0 0 1 0 0 0 1]
[0 0 0 0 1 0 0 1]
[0 0 0 0 0 1 0 1]
[0 0 0 0 0 0 1 1]


[0 0 0 0 0 0 0 1]
[1 0 0 0 0 0 0 0]
[0 1 0 0 0 0 0 1]
[0 0 1 0 0 0 0 1]
[0 0 0 1 0 0 0 1]
[0 0 0 0 1 0 0 1]
[0 0 0 0 0 1 0 1]
[0 0 0 0 0 0 1 1]


21
[1 0 0 0 0 0 0 0]
[0 0 0 0 0 0 0 1]
[0 1 0 0 0 0 0 0]
[0 0 1 0 0 0 0 0]
[0 0 0 1 0 0 0 0]
[0 0 0 0 1 0 0 0]
[0 0 0 0 0 1 0 0]
[0 0 0 0 0 0 1 0]


[1 0 0 0 0 0 0 0]
[0 0 0 0 0 0 0 1]
[0 1 0 0 0 0 0 0]
[0 0 1 0 0 0 0 0]
[0 0 0 1 0 0 0 0]
[0 0 0 0 1 0 0 0]
[0 0 0 0 0 1 0 0]
[0 0 0 0 0 0 1 0]


22
[1 0 0 0 0 0 0 0]
[0 0 0 0 0 0 0 1]
[0 1 0 0 0 0 0 0]
[0 0 1 0 0 0 0 0]
[0 0 0 1 0 0 0 0]
[0 0 0 0 1 0 0 0]
[0 0 0 0 0 1 0 0]
[0 0 0 0 0 0 1 0]


[0 0 0 1 0 0 0 0]
[1 0 0 0 0 0 0 0]
[0 1 0 1 0 0 0 0]
[0 0 1 1 0 0 0 0]
[0 0 0 0 0 0 0 1]
[0 0 0 0 1 0 0 0]
[0 0 0 0 0 1 0 1]
[0 0 0 0 0 0 1 1]


23
[1 0 0 0 0 0 0 0]
[0 0 0 0 0 0 0 1]
[0 1 0 0 0 0 0 0]
[0 0 1 0 0 0 0 0]
[0 0 0 1 0 0 0 0]
[0 0 0 0 1 0 0 0]
[0 0 0 0 0 1 0 0]
[0 0 0 0 0 0 1 0]


[1 0 0 0 0 0 0 0]
[0 1 0 0 0 0 0 0]
[0 0 1 0 0 0 0 0]
[0 0 0 1 0 0 0 0]
[0 0 0 0 0 0 0 1]
[0 0 0 0 1 0 0 0]
[0 0 0 0 0 1 0 1]
[0 0 0 0 0 0 1 1]


24
[1 0 0 0 0 0 0 0]
[0 1 0 0 0 0 0 0]
[0 0 0 0 0 0 0 1]
[0 0 1 0 0 0 0 1]
[0 0 0 1 0 0 0 0]
[0 0 0 0 1 0 0 1]
[0 0 0 0 0 1 0 1]
[0 0 0 0 0 0 1 1]


[1 0 0 0 0 0 0 0]
[0 1 0 0 0 0 0 0]
[0 0 0 0 0 0 0 1]
[0 0 1 0 0 0 0 1]
[0 0 0 1 0 0 0 1]
[0 0 0 0 1 0 0 0]
[0 0 0 0 0 1 0 0]
[0 0 0 0 0 0 1 0]


25
[1 0 0 0 0 0 0 0]
[0 1 0 0 0 0 0 0]
[0 0 0 0 0 0 0 1]
[0 0 1 0 0 0 0 1]
[0 0 0 1 0 0 0 0]
[0 0 0 0 1 0 0 1]
[0 0 0 0 0 1 0 1]
[0 0 0 0 0 0 1 1]


[1 0 0 0 0 0 0 0]
[0 1 0 0 0 0 0 0]
[0 0 0 0 0 0 0 1]
[0 0 1 0 0 0 0 0]
[0 0 0 1 0 0 0 1]
[0 0 0 0 1 0 0 1]
[0 0 0 0 0 1 0 0]
[0 0 0 0 0 0 1 0]


26
[1 0 0 0 0 0 0 0]
[0 1 0 0 0 0 0 0]
[0 0 0 0 0 0 0 1]
[0 0 1 0 0 0 0 1]
[0 0 0 1 0 0 0 0]
[0 0 0 0 1 0 0 1]
[0 0 0 0 0 1 0 1]
[0 0 0 0 0 0 1 1]


[1 0 0 0 0 0 0 0]
[0 1 0 0 0 0 0 0]
[0 0 0 0 0 0 0 1]
[0 0 1 0 0 0 0 0]
[0 0 0 1 0 0 0 0]
[0 0 0 0 1 0 0 1]
[0 0 0 0 0 1 0 1]
[0 0 0 0 0 0 1 0]


27
[1 0 0 0 0 0 0 0]
[0 1 0 0 0 0 0 0]
[0 0 0 0 0 0 0 1]
[0 0 1 0 0 0 0 1]
[0 0 0 1 0 0 0 0]
[0 0 0 0 1 0 0 1]
[0 0 0 0 0 1 0 1]
[0 0 0 0 0 0 1 1]


[1 0 0 0 0 0 0 0]
[0 1 0 0 0 0 0 0]
[0 0 0 0 0 0 0 1]
[0 0 1 0 0 0 0 1]
[0 0 0 1 0 0 0 1]
[0 0 0 0 1 0 0 1]
[0 0 0 0 0 1 0 0]
[0 0 0 0 0 0 1 1]


28
[1 0 0 0 0 0 0 0]
[0 1 0 0 0 0 0 0]
[0 0 0 0 0 0 0 1]
[0 0 1 0 0 0 0 1]
[0 0 0 1 0 0 0 0]
[0 0 0 0 1 0 0 1]
[0 0 0 0 0 1 0 1]
[0 0 0 0 0 0 1 1]


[1 0 0 0 0 0 0 0]
[0 1 0 0 0 0 0 0]
[0 0 0 0 0 0 0 1]
[0 0 1 0 0 0 0 0]
[0 0 0 1 0 0 0 0]
[0 0 0 0 1 0 0 0]
[0 0 0 0 0 1 0 1]
[0 0 0 0 0 0 1 1]


29
[1 0 0 0 0 0 0 0]
[0 1 0 0 0 0 0 0]
[0 0 0 0 0 0 0 1]
[0 0 1 0 0 0 0 1]
[0 0 0 1 0 0 0 0]
[0 0 0 0 1 0 0 1]
[0 0 0 0 0 1 0 1]
[0 0 0 0 0 0 1 1]


[1 0 0 0 0 0 0 0]
[0 1 0 0 0 0 0 0]
[0 0 0 0 0 0 0 1]
[0 0 1 0 0 0 0 1]
[0 0 0 1 0 0 0 0]
[0 0 0 0 1 0 0 1]
[0 0 0 0 0 1 0 1]
[0 0 0 0 0 0 1 1]


30
[1 0 0 0 0 0 0 0]
[0 1 0 0 0 0 0 0]
[0 0 1 0 0 0 0 0]
[0 0 0 0 0 0 0 1]
[0 0 0 1 0 0 0 0]
[0 0 0 0 1 0 0 0]
[0 0 0 0 0 1 0 0]
[0 0 0 0 0 0 1 0]


[1 0 0 0 0 0 0 0]
[0 1 0 0 0 0 0 0]
[0 0 1 0 0 0 0 0]
[0 0 0 0 0 0 0 1]
[0 0 0 1 0 0 0 0]
[0 0 0 0 1 0 0 0]
[0 0 0 0 0 1 0 0]
[0 0 0 0 0 0 1 0]


31
[1 0 0 0 0 0 0 0]
[0 1 0 0 0 0 0 0]
[0 0 1 0 0 0 0 0]
[0 0 0 0 0 0 0 1]
[0 0 0 1 0 0 0 0]
[0 0 0 0 1 0 0 0]
[0 0 0 0 0 1 0 0]
[0 0 0 0 0 0 1 0]


[0 0 0 1 0 0 0 0]
[1 0 0 1 0 0 0 0]
[0 1 0 1 0 0 0 0]
[0 0 1 1 0 0 0 0]
[0 0 0 0 0 0 0 1]
[0 0 0 0 1 0 0 1]
[0 0 0 0 0 1 0 1]
[0 0 0 0 0 0 1 1]


32
[0 0 0 1 0 0 0 0]
[1 0 0 0 0 0 0 0]
[0 1 0 1 0 0 0 0]
[0 0 1 1 0 0 0 0]
[0 0 0 0 0 0 0 1]
[0 0 0 0 1 0 0 0]
[0 0 0 0 0 1 0 1]
[0 0 0 0 0 0 1 1]


[1 0 0 0 0 0 0 0]
[0 0 0 0 0 0 0 1]
[0 1 0 0 0 0 0 0]
[0 0 1 0 0 0 0 0]
[0 0 0 1 0 0 0 0]
[0 0 0 0 1 0 0 0]
[0 0 0 0 0 1 0 0]
[0 0 0 0 0 0 1 0]


33
[0 0 0 1 0 0 0 0]
[1 0 0 0 0 0 0 0]
[0 1 0 1 0 0 0 0]
[0 0 1 1 0 0 0 0]
[0 0 0 0 0 0 0 1]
[0 0 0 0 1 0 0 0]
[0 0 0 0 0 1 0 1]
[0 0 0 0 0 0 1 1]


[0 0 0 1 0 0 0 0]
[1 0 0 1 0 0 0 0]
[0 1 0 1 0 0 0 0]
[0 0 1 0 0 0 0 0]
[0 0 0 0 0 0 0 1]
[0 0 0 0 1 0 0 1]
[0 0 0 0 0 1 0 1]
[0 0 0 0 0 0 1 0]


34
[0 0 0 1 0 0 0 0]
[1 0 0 0 0 0 0 0]
[0 1 0 1 0 0 0 0]
[0 0 1 1 0 0 0 0]
[0 0 0 0 0 0 0 1]
[0 0 0 0 1 0 0 0]
[0 0 0 0 0 1 0 1]
[0 0 0 0 0 0 1 1]


[0 0 0 1 0 0 0 0]
[1 0 0 0 0 0 0 0]
[0 1 0 1 0 0 0 0]
[0 0 1 1 0 0 0 0]
[0 0 0 0 0 0 0 1]
[0 0 0 0 1 0 0 0]
[0 0 0 0 0 1 0 1]
[0 0 0 0 0 0 1 1]


35
[0 0 0 1 0 0 0 0]
[1 0 0 0 0 0 0 0]
[0 1 0 1 0 0 0 0]
[0 0 1 1 0 0 0 0]
[0 0 0 0 0 0 0 1]
[0 0 0 0 1 0 0 0]
[0 0 0 0 0 1 0 1]
[0 0 0 0 0 0 1 1]


[1 0 0 0 0 0 0 0]
[0 1 0 0 0 0 0 0]
[0 0 1 0 0 0 0 0]
[0 0 0 1 0 0 0 0]
[0 0 0 0 0 0 0 1]
[0 0 0 0 1 0 0 1]
[0 0 0 0 0 1 0 1]
[0 0 0 0 0 0 1 0]


36
[0 0 0 1 0 0 0 0]
[1 0 0 0 0 0 0 0]
[0 1 0 1 0 0 0 0]
[0 0 1 1 0 0 0 0]
[0 0 0 0 0 0 0 1]
[0 0 0 0 1 0 0 0]
[0 0 0 0 0 1 0 1]
[0 0 0 0 0 0 1 1]


[1 0 0 0 0 0 0 0]
[0 1 0 0 0 0 0 0]
[0 0 1 0 0 0 0 0]
[0 0 0 1 0 0 0 0]
[0 0 0 0 0 0 0 1]
[0 0 0 0 1 0 0 0]
[0 0 0 0 0 1 0 1]
[0 0 0 0 0 0 1 1]


37
[0 0 0 1 0 0 0 0]
[1 0 0 1 0 0 0 0]
[0 1 0 1 0 0 0 0]
[0 0 1 1 0 0 0 0]
[0 0 0 0 0 0 0 1]
[0 0 0 0 1 0 0 1]
[0 0 0 0 0 1 0 1]
[0 0 0 0 0 0 1 1]


[1 0 0 0 0 0 0 0]
[0 1 0 0 0 0 0 0]
[0 0 1 0 0 0 0 0]
[0 0 0 0 0 0 0 1]
[0 0 0 1 0 0 0 0]
[0 0 0 0 1 0 0 0]
[0 0 0 0 0 1 0 0]
[0 0 0 0 0 0 1 0]


38
[0 0 0 1 0 0 0 0]
[1 0 0 1 0 0 0 0]
[0 1 0 1 0 0 0 0]
[0 0 1 1 0 0 0 0]
[0 0 0 0 0 0 0 1]
[0 0 0 0 1 0 0 1]
[0 0 0 0 0 1 0 1]
[0 0 0 0 0 0 1 1]


[0 0 0 1 0 0 0 0]
[1 0 0 1 0 0 0 0]
[0 1 0 1 0 0 0 0]
[0 0 1 1 0 0 0 0]
[0 0 0 0 0 0 0 1]
[0 0 0 0 1 0 0 1]
[0 0 0 0 0 1 0 1]
[0 0 0 0 0 0 1 1]


39
[1 0 0 0 0 0 0 0]
[0 1 0 0 0 0 0 0]
[0 0 1 0 0 0 0 0]
[0 0 0 1 0 0 0 0]
[0 0 0 0 0 0 0 1]
[0 0 0 0 1 0 0 0]
[0 0 0 0 0 1 0 1]
[0 0 0 0 0 0 1 1]


[1 0 0 0 0 0 0 0]
[0 0 0 0 0 0 0 1]
[0 1 0 0 0 0 0 0]
[0 0 1 0 0 0 0 0]
[0 0 0 1 0 0 0 0]
[0 0 0 0 1 0 0 0]
[0 0 0 0 0 1 0 0]
[0 0 0 0 0 0 1 0]


40
[1 0 0 0 0 0 0 0]
[0 1 0 0 0 0 0 0]
[0 0 1 0 0 0 0 0]
[0 0 0 1 0 0 0 0]
[0 0 0 0 0 0 0 1]
[0 0 0 0 1 0 0 0]
[0 0 0 0 0 1 0 1]
[0 0 0 0 0 0 1 1]


[0 0 0 1 0 0 0 0]
[1 0 0 1 0 0 0 0]
[0 1 0 1 0 0 0 0]
[0 0 1 0 0 0 0 0]
[0 0 0 0 0 0 0 1]
[0 0 0 0 1 0 0 1]
[0 0 0 0 0 1 0 1]
[0 0 0 0 0 0 1 0]


41
[1 0 0 0 0 0 0 0]
[0 1 0 0 0 0 0 0]
[0 0 1 0 0 0 0 0]
[0 0 0 1 0 0 0 0]
[0 0 0 0 0 0 0 1]
[0 0 0 0 1 0 0 0]
[0 0 0 0 0 1 0 1]
[0 0 0 0 0 0 1 1]


[0 0 0 1 0 0 0 0]
[1 0 0 0 0 0 0 0]
[0 1 0 1 0 0 0 0]
[0 0 1 1 0 0 0 0]
[0 0 0 0 0 0 0 1]
[0 0 0 0 1 0 0 0]
[0 0 0 0 0 1 0 1]
[0 0 0 0 0 0 1 1]


42
[1 0 0 0 0 0 0 0]
[0 1 0 0 0 0 0 0]
[0 0 1 0 0 0 0 0]
[0 0 0 1 0 0 0 0]
[0 0 0 0 0 0 0 1]
[0 0 0 0 1 0 0 0]
[0 0 0 0 0 1 0 1]
[0 0 0 0 0 0 1 1]


[1 0 0 0 0 0 0 0]
[0 1 0 0 0 0 0 0]
[0 0 1 0 0 0 0 0]
[0 0 0 1 0 0 0 0]
[0 0 0 0 0 0 0 1]
[0 0 0 0 1 0 0 1]
[0 0 0 0 0 1 0 1]
[0 0 0 0 0 0 1 0]


43
[1 0 0 0 0 0 0 0]
[0 1 0 0 0 0 0 0]
[0 0 1 0 0 0 0 0]
[0 0 0 1 0 0 0 0]
[0 0 0 0 0 0 0 1]
[0 0 0 0 1 0 0 0]
[0 0 0 0 0 1 0 1]
[0 0 0 0 0 0 1 1]


[1 0 0 0 0 0 0 0]
[0 1 0 0 0 0 0 0]
[0 0 1 0 0 0 0 0]
[0 0 0 1 0 0 0 0]
[0 0 0 0 0 0 0 1]
[0 0 0 0 1 0 0 0]
[0 0 0 0 0 1 0 1]
[0 0 0 0 0 0 1 1]


44
[0 1 0 0 0 0 0 0]
[1 1 0 0 0 0 0 0]
[0 0 0 0 1 0 0 0]
[0 0 1 0 0 0 0 0]
[0 0 0 1 0 0 0 0]
[0 0 0 0 0 0 0 1]
[0 0 0 0 0 1 0 0]
[0 0 0 0 0 0 1 0]


[0 1 0 0 0 0 0 0]
[1 1 0 0 0 0 0 0]
[0 0 0 0 1 0 0 0]
[0 0 1 0 0 0 0 0]
[0 0 0 1 0 0 0 0]
[0 0 0 0 0 0 0 1]
[0 0 0 0 0 1 0 0]
[0 0 0 0 0 0 1 0]


45
[0 1 0 0 0 0 0 0]
[1 1 0 0 0 0 0 0]
[0 0 0 0 1 0 0 0]
[0 0 1 0 0 0 0 0]
[0 0 0 1 0 0 0 0]
[0 0 0 0 0 0 0 1]
[0 0 0 0 0 1 0 0]
[0 0 0 0 0 0 1 0]


[1 0 0 0 0 0 0 0]
[0 1 0 0 0 0 0 0]
[0 0 0 0 1 0 0 0]
[0 0 1 0 0 0 0 0]
[0 0 0 1 0 0 0 0]
[0 0 0 0 0 0 0 1]
[0 0 0 0 0 1 0 0]
[0 0 0 0 0 0 1 0]


46
[0 1 0 0 0 0 0 0]
[1 1 0 0 0 0 0 0]
[0 0 0 0 1 0 0 0]
[0 0 1 0 0 0 0 0]
[0 0 0 1 0 0 0 0]
[0 0 0 0 0 0 0 1]
[0 0 0 0 0 1 0 0]
[0 0 0 0 0 0 1 0]


[1 0 0 0 0 0 0 0]
[0 1 0 0 0 0 0 0]
[0 0 1 0 0 0 0 0]
[0 0 0 1 0 0 0 0]
[0 0 0 0 1 0 0 0]
[0 0 0 0 0 0 0 1]
[0 0 0 0 0 1 0 0]
[0 0 0 0 0 0 1 0]


47
[0 1 0 0 0 0 0 0]
[1 1 0 0 0 0 0 0]
[0 0 0 0 1 0 0 0]
[0 0 1 0 0 0 0 0]
[0 0 0 1 0 0 0 0]
[0 0 0 0 0 0 0 1]
[0 0 0 0 0 1 0 0]
[0 0 0 0 0 0 1 0]


[0 1 0 0 0 0 0 0]
[1 1 0 0 0 0 0 0]
[0 0 0 1 0 0 0 0]
[0 0 1 1 0 0 0 0]
[0 0 0 0 0 1 0 0]
[0 0 0 0 1 1 0 0]
[0 0 0 0 0 0 0 1]
[0 0 0 0 0 0 1 1]


48
[1 0 0 0 0 0 0 0]
[0 1 0 0 0 0 0 0]
[0 0 0 0 1 0 0 0]
[0 0 1 0 0 0 0 0]
[0 0 0 1 0 0 0 0]
[0 0 0 0 0 0 0 1]
[0 0 0 0 0 1 0 0]
[0 0 0 0 0 0 1 0]


[0 1 0 0 0 0 0 0]
[1 1 0 0 0 0 0 0]
[0 0 0 0 1 0 0 0]
[0 0 1 0 0 0 0 0]
[0 0 0 1 0 0 0 0]
[0 0 0 0 0 0 0 1]
[0 0 0 0 0 1 0 0]
[0 0 0 0 0 0 1 0]


49
[1 0 0 0 0 0 0 0]
[0 1 0 0 0 0 0 0]
[0 0 0 0 1 0 0 0]
[0 0 1 0 0 0 0 0]
[0 0 0 1 0 0 0 0]
[0 0 0 0 0 0 0 1]
[0 0 0 0 0 1 0 0]
[0 0 0 0 0 0 1 0]


[1 0 0 0 0 0 0 0]
[0 1 0 0 0 0 0 0]
[0 0 0 0 1 0 0 0]
[0 0 1 0 0 0 0 0]
[0 0 0 1 0 0 0 0]
[0 0 0 0 0 0 0 1]
[0 0 0 0 0 1 0 0]
[0 0 0 0 0 0 1 0]


50
[1 0 0 0 0 0 0 0]
[0 1 0 0 0 0 0 0]
[0 0 0 0 1 0 0 0]
[0 0 1 0 0 0 0 0]
[0 0 0 1 0 0 0 0]
[0 0 0 0 0 0 0 1]
[0 0 0 0 0 1 0 0]
[0 0 0 0 0 0 1 0]


[1 0 0 0 0 0 0 0]
[0 1 0 0 0 0 0 0]
[0 0 1 0 0 0 0 0]
[0 0 0 1 0 0 0 0]
[0 0 0 0 1 0 0 0]
[0 0 0 0 0 0 0 1]
[0 0 0 0 0 1 0 0]
[0 0 0 0 0 0 1 0]


51
[1 0 0 0 0 0 0 0]
[0 1 0 0 0 0 0 0]
[0 0 0 0 1 0 0 0]
[0 0 1 0 0 0 0 0]
[0 0 0 1 0 0 0 0]
[0 0 0 0 0 0 0 1]
[0 0 0 0 0 1 0 0]
[0 0 0 0 0 0 1 0]


[0 1 0 0 0 0 0 0]
[1 1 0 0 0 0 0 0]
[0 0 0 1 0 0 0 0]
[0 0 1 1 0 0 0 0]
[0 0 0 0 0 1 0 0]
[0 0 0 0 1 1 0 0]
[0 0 0 0 0 0 0 1]
[0 0 0 0 0 0 1 1]


52
[1 0 0 0 0 0 0 0]
[0 1 0 0 0 0 0 0]
[0 0 1 0 0 0 0 0]
[0 0 0 1 0 0 0 0]
[0 0 0 0 1 0 0 0]
[0 0 0 0 0 0 0 1]
[0 0 0 0 0 1 0 0]
[0 0 0 0 0 0 1 0]


[0 1 0 0 0 0 0 0]
[1 1 0 0 0 0 0 0]
[0 0 0 0 1 0 0 0]
[0 0 1 0 0 0 0 0]
[0 0 0 1 0 0 0 0]
[0 0 0 0 0 0 0 1]
[0 0 0 0 0 1 0 0]
[0 0 0 0 0 0 1 0]


53
[1 0 0 0 0 0 0 0]
[0 1 0 0 0 0 0 0]
[0 0 1 0 0 0 0 0]
[0 0 0 1 0 0 0 0]
[0 0 0 0 1 0 0 0]
[0 0 0 0 0 0 0 1]
[0 0 0 0 0 1 0 0]
[0 0 0 0 0 0 1 0]


[1 0 0 0 0 0 0 0]
[0 1 0 0 0 0 0 0]
[0 0 0 0 1 0 0 0]
[0 0 1 0 0 0 0 0]
[0 0 0 1 0 0 0 0]
[0 0 0 0 0 0 0 1]
[0 0 0 0 0 1 0 0]
[0 0 0 0 0 0 1 0]


54
[1 0 0 0 0 0 0 0]
[0 1 0 0 0 0 0 0]
[0 0 1 0 0 0 0 0]
[0 0 0 1 0 0 0 0]
[0 0 0 0 1 0 0 0]
[0 0 0 0 0 0 0 1]
[0 0 0 0 0 1 0 0]
[0 0 0 0 0 0 1 0]


[1 0 0 0 0 0 0 0]
[0 1 0 0 0 0 0 0]
[0 0 1 0 0 0 0 0]
[0 0 0 1 0 0 0 0]
[0 0 0 0 1 0 0 0]
[0 0 0 0 0 0 0 1]
[0 0 0 0 0 1 0 0]
[0 0 0 0 0 0 1 0]


55
[1 0 0 0 0 0 0 0]
[0 1 0 0 0 0 0 0]
[0 0 1 0 0 0 0 0]
[0 0 0 1 0 0 0 0]
[0 0 0 0 1 0 0 0]
[0 0 0 0 0 0 0 1]
[0 0 0 0 0 1 0 0]
[0 0 0 0 0 0 1 0]


[0 1 0 0 0 0 0 0]
[1 1 0 0 0 0 0 0]
[0 0 0 1 0 0 0 0]
[0 0 1 1 0 0 0 0]
[0 0 0 0 0 1 0 0]
[0 0 0 0 1 1 0 0]
[0 0 0 0 0 0 0 1]
[0 0 0 0 0 0 1 1]


56
[0 1 0 0 0 0 0 0]
[1 0 0 0 0 0 0 0]
[0 0 0 1 0 0 0 0]
[0 0 1 0 0 0 0 0]
[0 0 0 0 0 1 0 0]
[0 0 0 0 1 0 0 0]
[0 0 0 0 0 0 0 1]
[0 0 0 0 0 0 1 0]


[0 1 0 0 0 0 0 0]
[1 0 0 0 0 0 0 0]
[0 0 0 1 0 0 0 0]
[0 0 1 0 0 0 0 0]
[0 0 0 0 0 1 0 0]
[0 0 0 0 1 0 0 0]
[0 0 0 0 0 0 0 1]
[0 0 0 0 0 0 1 0]


57
[0 1 0 0 0 0 0 0]
[1 0 0 0 0 0 0 0]
[0 0 0 1 0 0 0 0]
[0 0 1 0 0 0 0 0]
[0 0 0 0 0 1 0 0]
[0 0 0 0 1 0 0 0]
[0 0 0 0 0 0 0 1]
[0 0 0 0 0 0 1 0]


[1 0 0 0 0 0 0 0]
[0 1 0 0 0 0 0 0]
[0 0 0 1 0 0 0 0]
[0 0 1 0 0 0 0 0]
[0 0 0 0 0 1 0 0]
[0 0 0 0 1 0 0 0]
[0 0 0 0 0 0 0 1]
[0 0 0 0 0 0 1 0]


58
[0 1 0 0 0 0 0 0]
[1 0 0 0 0 0 0 0]
[0 0 0 1 0 0 0 0]
[0 0 1 0 0 0 0 0]
[0 0 0 0 0 1 0 0]
[0 0 0 0 1 0 0 0]
[0 0 0 0 0 0 0 1]
[0 0 0 0 0 0 1 0]


[1 0 0 0 0 0 0 0]
[0 1 0 0 0 0 0 0]
[0 0 1 0 0 0 0 0]
[0 0 0 1 0 0 0 0]
[0 0 0 0 0 1 0 0]
[0 0 0 0 1 0 0 0]
[0 0 0 0 0 0 0 1]
[0 0 0 0 0 0 1 0]


59
[0 1 0 0 0 0 0 0]
[1 0 0 0 0 0 0 0]
[0 0 0 1 0 0 0 0]
[0 0 1 0 0 0 0 0]
[0 0 0 0 0 1 0 0]
[0 0 0 0 1 0 0 0]
[0 0 0 0 0 0 0 1]
[0 0 0 0 0 0 1 0]


[1 0 0 0 0 0 0 0]
[0 1 0 0 0 0 0 0]
[0 0 1 0 0 0 0 0]
[0 0 0 1 0 0 0 0]
[0 0 0 0 1 0 0 0]
[0 0 0 0 0 1 0 0]
[0 0 0 0 0 0 0 1]
[0 0 0 0 0 0 1 0]


60
[0 1 0 0 0 0 0 0]
[1 1 0 0 0 0 0 0]
[0 0 0 1 0 0 0 0]
[0 0 1 1 0 0 0 0]
[0 0 0 0 0 1 0 0]
[0 0 0 0 1 1 0 0]
[0 0 0 0 0 0 0 1]
[0 0 0 0 0 0 1 1]


[0 1 0 0 0 0 0 0]
[1 1 0 0 0 0 0 0]
[0 0 0 0 1 0 0 0]
[0 0 1 0 0 0 0 0]
[0 0 0 1 0 0 0 0]
[0 0 0 0 0 0 0 1]
[0 0 0 0 0 1 0 0]
[0 0 0 0 0 0 1 0]


61
[0 1 0 0 0 0 0 0]
[1 1 0 0 0 0 0 0]
[0 0 0 1 0 0 0 0]
[0 0 1 1 0 0 0 0]
[0 0 0 0 0 1 0 0]
[0 0 0 0 1 1 0 0]
[0 0 0 0 0 0 0 1]
[0 0 0 0 0 0 1 1]


[1 0 0 0 0 0 0 0]
[0 1 0 0 0 0 0 0]
[0 0 0 0 1 0 0 0]
[0 0 1 0 0 0 0 0]
[0 0 0 1 0 0 0 0]
[0 0 0 0 0 0 0 1]
[0 0 0 0 0 1 0 0]
[0 0 0 0 0 0 1 0]


62
[0 1 0 0 0 0 0 0]
[1 1 0 0 0 0 0 0]
[0 0 0 1 0 0 0 0]
[0 0 1 1 0 0 0 0]
[0 0 0 0 0 1 0 0]
[0 0 0 0 1 1 0 0]
[0 0 0 0 0 0 0 1]
[0 0 0 0 0 0 1 1]


[1 0 0 0 0 0 0 0]
[0 1 0 0 0 0 0 0]
[0 0 1 0 0 0 0 0]
[0 0 0 1 0 0 0 0]
[0 0 0 0 1 0 0 0]
[0 0 0 0 0 0 0 1]
[0 0 0 0 0 1 0 0]
[0 0 0 0 0 0 1 0]


63
[0 1 0 0 0 0 0 0]
[1 1 0 0 0 0 0 0]
[0 0 0 1 0 0 0 0]
[0 0 1 1 0 0 0 0]
[0 0 0 0 0 1 0 0]
[0 0 0 0 1 1 0 0]
[0 0 0 0 0 0 0 1]
[0 0 0 0 0 0 1 1]


[0 1 0 0 0 0 0 0]
[1 1 0 0 0 0 0 0]
[0 0 0 1 0 0 0 0]
[0 0 1 1 0 0 0 0]
[0 0 0 0 0 1 0 0]
[0 0 0 0 1 1 0 0]
[0 0 0 0 0 0 0 1]
[0 0 0 0 0 0 1 1]


64
[1 0 0 0 0 0 0 0]
[0 1 0 0 0 0 0 0]
[0 0 0 1 0 0 0 0]
[0 0 1 0 0 0 0 0]
[0 0 0 0 0 1 0 0]
[0 0 0 0 1 0 0 0]
[0 0 0 0 0 0 0 1]
[0 0 0 0 0 0 1 0]


[0 1 0 0 0 0 0 0]
[1 0 0 0 0 0 0 0]
[0 0 0 1 0 0 0 0]
[0 0 1 0 0 0 0 0]
[0 0 0 0 0 1 0 0]
[0 0 0 0 1 0 0 0]
[0 0 0 0 0 0 0 1]
[0 0 0 0 0 0 1 0]


65
[1 0 0 0 0 0 0 0]
[0 1 0 0 0 0 0 0]
[0 0 0 1 0 0 0 0]
[0 0 1 0 0 0 0 0]
[0 0 0 0 0 1 0 0]
[0 0 0 0 1 0 0 0]
[0 0 0 0 0 0 0 1]
[0 0 0 0 0 0 1 0]


[1 0 0 0 0 0 0 0]
[0 1 0 0 0 0 0 0]
[0 0 0 1 0 0 0 0]
[0 0 1 0 0 0 0 0]
[0 0 0 0 0 1 0 0]
[0 0 0 0 1 0 0 0]
[0 0 0 0 0 0 0 1]
[0 0 0 0 0 0 1 0]


66
[1 0 0 0 0 0 0 0]
[0 1 0 0 0 0 0 0]
[0 0 0 1 0 0 0 0]
[0 0 1 0 0 0 0 0]
[0 0 0 0 0 1 0 0]
[0 0 0 0 1 0 0 0]
[0 0 0 0 0 0 0 1]
[0 0 0 0 0 0 1 0]


[1 0 0 0 0 0 0 0]
[0 1 0 0 0 0 0 0]
[0 0 1 0 0 0 0 0]
[0 0 0 1 0 0 0 0]
[0 0 0 0 0 1 0 0]
[0 0 0 0 1 0 0 0]
[0 0 0 0 0 0 0 1]
[0 0 0 0 0 0 1 0]


67
[1 0 0 0 0 0 0 0]
[0 1 0 0 0 0 0 0]
[0 0 0 1 0 0 0 0]
[0 0 1 0 0 0 0 0]
[0 0 0 0 0 1 0 0]
[0 0 0 0 1 0 0 0]
[0 0 0 0 0 0 0 1]
[0 0 0 0 0 0 1 0]


[1 0 0 0 0 0 0 0]
[0 1 0 0 0 0 0 0]
[0 0 1 0 0 0 0 0]
[0 0 0 1 0 0 0 0]
[0 0 0 0 1 0 0 0]
[0 0 0 0 0 1 0 0]
[0 0 0 0 0 0 0 1]
[0 0 0 0 0 0 1 0]


68
[1 0 0 0 0 0 0 0]
[0 1 0 0 0 0 0 0]
[0 0 1 0 0 0 0 0]
[0 0 0 1 0 0 0 0]
[0 0 0 0 0 1 0 0]
[0 0 0 0 1 0 0 0]
[0 0 0 0 0 0 0 1]
[0 0 0 0 0 0 1 0]


[0 1 0 0 0 0 0 0]
[1 0 0 0 0 0 0 0]
[0 0 0 1 0 0 0 0]
[0 0 1 0 0 0 0 0]
[0 0 0 0 0 1 0 0]
[0 0 0 0 1 0 0 0]
[0 0 0 0 0 0 0 1]
[0 0 0 0 0 0 1 0]


69
[1 0 0 0 0 0 0 0]
[0 1 0 0 0 0 0 0]
[0 0 1 0 0 0 0 0]
[0 0 0 1 0 0 0 0]
[0 0 0 0 0 1 0 0]
[0 0 0 0 1 0 0 0]
[0 0 0 0 0 0 0 1]
[0 0 0 0 0 0 1 0]


[1 0 0 0 0 0 0 0]
[0 1 0 0 0 0 0 0]
[0 0 0 1 0 0 0 0]
[0 0 1 0 0 0 0 0]
[0 0 0 0 0 1 0 0]
[0 0 0 0 1 0 0 0]
[0 0 0 0 0 0 0 1]
[0 0 0 0 0 0 1 0]


70
[1 0 0 0 0 0 0 0]
[0 1 0 0 0 0 0 0]
[0 0 1 0 0 0 0 0]
[0 0 0 1 0 0 0 0]
[0 0 0 0 0 1 0 0]
[0 0 0 0 1 0 0 0]
[0 0 0 0 0 0 0 1]
[0 0 0 0 0 0 1 0]


[1 0 0 0 0 0 0 0]
[0 1 0 0 0 0 0 0]
[0 0 1 0 0 0 0 0]
[0 0 0 1 0 0 0 0]
[0 0 0 0 0 1 0 0]
[0 0 0 0 1 0 0 0]
[0 0 0 0 0 0 0 1]
[0 0 0 0 0 0 1 0]


71
[1 0 0 0 0 0 0 0]
[0 1 0 0 0 0 0 0]
[0 0 1 0 0 0 0 0]
[0 0 0 1 0 0 0 0]
[0 0 0 0 0 1 0 0]
[0 0 0 0 1 0 0 0]
[0 0 0 0 0 0 0 1]
[0 0 0 0 0 0 1 0]


[1 0 0 0 0 0 0 0]
[0 1 0 0 0 0 0 0]
[0 0 1 0 0 0 0 0]
[0 0 0 1 0 0 0 0]
[0 0 0 0 1 0 0 0]
[0 0 0 0 0 1 0 0]
[0 0 0 0 0 0 0 1]
[0 0 0 0 0 0 1 0]


72
[1 0 0 0 0 0 0 0]
[0 1 0 0 0 0 0 0]
[0 0 1 0 0 0 0 0]
[0 0 0 1 0 0 0 0]
[0 0 0 0 1 0 0 0]
[0 0 0 0 0 1 0 0]
[0 0 0 0 0 0 0 1]
[0 0 0 0 0 0 1 0]


[0 1 0 0 0 0 0 0]
[1 0 0 0 0 0 0 0]
[0 0 0 1 0 0 0 0]
[0 0 1 0 0 0 0 0]
[0 0 0 0 0 1 0 0]
[0 0 0 0 1 0 0 0]
[0 0 0 0 0 0 0 1]
[0 0 0 0 0 0 1 0]


73
[1 0 0 0 0 0 0 0]
[0 1 0 0 0 0 0 0]
[0 0 1 0 0 0 0 0]
[0 0 0 1 0 0 0 0]
[0 0 0 0 1 0 0 0]
[0 0 0 0 0 1 0 0]
[0 0 0 0 0 0 0 1]
[0 0 0 0 0 0 1 0]


[1 0 0 0 0 0 0 0]
[0 1 0 0 0 0 0 0]
[0 0 0 1 0 0 0 0]
[0 0 1 0 0 0 0 0]
[0 0 0 0 0 1 0 0]
[0 0 0 0 1 0 0 0]
[0 0 0 0 0 0 0 1]
[0 0 0 0 0 0 1 0]


74
[1 0 0 0 0 0 0 0]
[0 1 0 0 0 0 0 0]
[0 0 1 0 0 0 0 0]
[0 0 0 1 0 0 0 0]
[0 0 0 0 1 0 0 0]
[0 0 0 0 0 1 0 0]
[0 0 0 0 0 0 0 1]
[0 0 0 0 0 0 1 0]


[1 0 0 0 0 0 0 0]
[0 1 0 0 0 0 0 0]
[0 0 1 0 0 0 0 0]
[0 0 0 1 0 0 0 0]
[0 0 0 0 0 1 0 0]
[0 0 0 0 1 0 0 0]
[0 0 0 0 0 0 0 1]
[0 0 0 0 0 0 1 0]


75
[1 0 0 0 0 0 0 0]
[0 1 0 0 0 0 0 0]
[0 0 1 0 0 0 0 0]
[0 0 0 1 0 0 0 0]
[0 0 0 0 1 0 0 0]
[0 0 0 0 0 1 0 0]
[0 0 0 0 0 0 0 1]
[0 0 0 0 0 0 1 0]


[1 0 0 0 0 0 0 0]
[0 1 0 0 0 0 0 0]
[0 0 1 0 0 0 0 0]
[0 0 0 1 0 0 0 0]
[0 0 0 0 1 0 0 0]
[0 0 0 0 0 1 0 0]
[0 0 0 0 0 0 0 1]
[0 0 0 0 0 0 1 0]


76
[1 0 0 0 0 0 0 0]
[0 1 0 0 0 0 0 0]
[0 0 1 0 0 0 0 0]
[0 0 0 1 0 0 0 0]
[0 0 0 0 1 0 0 0]
[0 0 0 0 0 1 0 0]
[0 0 0 0 0 0 1 0]
[0 0 0 0 0 0 0 1]


[0 0 0 0 0 0 0 1]
[1 0 0 0 0 0 0 1]
[0 1 0 0 0 0 0 1]
[0 0 1 0 0 0 0 0]
[0 0 0 1 0 0 0 0]
[0 0 0 0 1 0 0 0]
[0 0 0 0 0 1 0 0]
[0 0 0 0 0 0 1 0]


77
[1 0 0 0 0 0 0 0]
[0 1 0 0 0 0 0 0]
[0 0 1 0 0 0 0 0]
[0 0 0 1 0 0 0 0]
[0 0 0 0 1 0 0 0]
[0 0 0 0 0 1 0 0]
[0 0 0 0 0 0 1 0]
[0 0 0 0 0 0 0 1]


[0 0 0 0 0 0 0 1]
[1 0 0 0 0 0 0 1]
[0 1 0 0 0 0 0 0]
[0 0 1 0 0 0 0 0]
[0 0 0 1 0 0 0 1]
[0 0 0 0 1 0 0 0]
[0 0 0 0 0 1 0 0]
[0 0 0 0 0 0 1 0]


78
[1 0 0 0 0 0 0 0]
[0 1 0 0 0 0 0 0]
[0 0 1 0 0 0 0 0]
[0 0 0 1 0 0 0 0]
[0 0 0 0 1 0 0 0]
[0 0 0 0 0 1 0 0]
[0 0 0 0 0 0 1 0]
[0 0 0 0 0 0 0 1]


[0 0 0 0 0 0 0 1]
[1 0 0 0 0 0 0 0]
[0 1 0 0 0 0 0 0]
[0 0 1 0 0 0 0 1]
[0 0 0 1 0 0 0 1]
[0 0 0 0 1 0 0 0]
[0 0 0 0 0 1 0 0]
[0 0 0 0 0 0 1 0]


79
[1 0 0 0 0 0 0 0]
[0 1 0 0 0 0 0 0]
[0 0 1 0 0 0 0 0]
[0 0 0 1 0 0 0 0]
[0 0 0 0 1 0 0 0]
[0 0 0 0 0 1 0 0]
[0 0 0 0 0 0 1 0]
[0 0 0 0 0 0 0 1]


[0 0 0 0 0 0 0 1]
[1 0 0 0 0 0 0 1]
[0 1 0 0 0 0 0 1]
[0 0 1 0 0 0 0 1]
[0 0 0 1 0 0 0 0]
[0 0 0 0 1 0 0 1]
[0 0 0 0 0 1 0 0]
[0 0 0 0 0 0 1 0]


80
[1 0 0 0 0 0 0 0]
[0 1 0 0 0 0 0 0]
[0 0 1 0 0 0 0 0]
[0 0 0 1 0 0 0 0]
[0 0 0 0 1 0 0 0]
[0 0 0 0 0 1 0 0]
[0 0 0 0 0 0 1 0]
[0 0 0 0 0 0 0 1]


[0 0 0 0 0 0 0 1]
[1 0 0 0 0 0 0 0]
[0 1 0 0 0 0 0 0]
[0 0 1 0 0 0 0 0]
[0 0 0 1 0 0 0 1]
[0 0 0 0 1 0 0 1]
[0 0 0 0 0 1 0 0]
[0 0 0 0 0 0 1 0]


81
[1 0 0 0 0 0 0 0]
[0 1 0 0 0 0 0 0]
[0 0 1 0 0 0 0 0]
[0 0 0 1 0 0 0 0]
[0 0 0 0 1 0 0 0]
[0 0 0 0 0 1 0 0]
[0 0 0 0 0 0 1 0]
[0 0 0 0 0 0 0 1]


[0 0 0 0 0 0 0 1]
[1 0 0 0 0 0 0 0]
[0 1 0 0 0 0 0 0]
[0 0 1 0 0 0 0 1]
[0 0 0 1 0 0 0 1]
[0 0 0 0 1 0 0 1]
[0 0 0 0 0 1 0 0]
[0 0 0 0 0 0 1 0]


82
[1 0 0 0 0 0 0 0]
[0 1 0 0 0 0 0 0]
[0 0 1 0 0 0 0 0]
[0 0 0 1 0 0 0 0]
[0 0 0 0 1 0 0 0]
[0 0 0 0 0 1 0 0]
[0 0 0 0 0 0 1 0]
[0 0 0 0 0 0 0 1]


[0 0 0 0 0 0 0 1]
[1 0 0 0 0 0 0 1]
[0 1 0 0 0 0 0 0]
[0 0 1 0 0 0 0 0]
[0 0 0 1 0 0 0 0]
[0 0 0 0 1 0 0 0]
[0 0 0 0 0 1 0 1]
[0 0 0 0 0 0 1 0]


83
[1 0 0 0 0 0 0 0]
[0 1 0 0 0 0 0 0]
[0 0 1 0 0 0 0 0]
[0 0 0 1 0 0 0 0]
[0 0 0 0 1 0 0 0]
[0 0 0 0 0 1 0 0]
[0 0 0 0 0 0 1 0]
[0 0 0 0 0 0 0 1]


[0 0 0 0 0 0 0 1]
[1 0 0 0 0 0 0 0]
[0 1 0 0 0 0 0 1]
[0 0 1 0 0 0 0 1]
[0 0 0 1 0 0 0 1]
[0 0 0 0 1 0 0 0]
[0 0 0 0 0 1 0 1]
[0 0 0 0 0 0 1 0]


84
[1 0 0 0 0 0 0 0]
[0 1 0 0 0 0 0 0]
[0 0 1 0 0 0 0 0]
[0 0 0 1 0 0 0 0]
[0 0 0 0 1 0 0 0]
[0 0 0 0 0 1 0 0]
[0 0 0 0 0 0 1 0]
[0 0 0 0 0 0 0 1]


[0 0 0 0 0 0 0 1]
[1 0 0 0 0 0 0 0]
[0 1 0 0 0 0 0 1]
[0 0 1 0 0 0 0 0]
[0 0 0 1 0 0 0 1]
[0 0 0 0 1 0 0 1]
[0 0 0 0 0 1 0 1]
[0 0 0 0 0 0 1 0]


85
[1 0 0 0 0 0 0 0]
[0 1 0 0 0 0 0 0]
[0 0 1 0 0 0 0 0]
[0 0 0 1 0 0 0 0]
[0 0 0 0 1 0 0 0]
[0 0 0 0 0 1 0 0]
[0 0 0 0 0 0 1 0]
[0 0 0 0 0 0 0 1]


[0 0 0 0 0 0 0 1]
[1 0 0 0 0 0 0 1]
[0 1 0 0 0 0 0 1]
[0 0 1 0 0 0 0 1]
[0 0 0 1 0 0 0 1]
[0 0 0 0 1 0 0 1]
[0 0 0 0 0 1 0 1]
[0 0 0 0 0 0 1 0]


86
[1 0 0 0 0 0 0 0]
[0 1 0 0 0 0 0 0]
[0 0 1 0 0 0 0 0]
[0 0 0 1 0 0 0 0]
[0 0 0 0 1 0 0 0]
[0 0 0 0 0 1 0 0]
[0 0 0 0 0 0 1 0]
[0 0 0 0 0 0 0 1]


[0 0 0 0 0 0 0 1]
[1 0 0 0 0 0 0 0]
[0 1 0 0 0 0 0 1]
[0 0 1 0 0 0 0 0]
[0 0 0 1 0 0 0 0]
[0 0 0 0 1 0 0 0]
[0 0 0 0 0 1 0 0]
[0 0 0 0 0 0 1 1]


87
[1 0 0 0 0 0 0 0]
[0 1 0 0 0 0 0 0]
[0 0 1 0 0 0 0 0]
[0 0 0 1 0 0 0 0]
[0 0 0 0 1 0 0 0]
[0 0 0 0 0 1 0 0]
[0 0 0 0 0 0 1 0]
[0 0 0 0 0 0 0 1]


[0 0 0 0 0 0 0 1]
[1 0 0 0 0 0 0 0]
[0 1 0 0 0 0 0 0]
[0 0 1 0 0 0 0 0]
[0 0 0 1 0 0 0 1]
[0 0 0 0 1 0 0 0]
[0 0 0 0 0 1 0 0]
[0 0 0 0 0 0 1 1]


88
[1 0 0 0 0 0 0 0]
[0 1 0 0 0 0 0 0]
[0 0 1 0 0 0 0 0]
[0 0 0 1 0 0 0 0]
[0 0 0 0 1 0 0 0]
[0 0 0 0 0 1 0 0]
[0 0 0 0 0 0 1 0]
[0 0 0 0 0 0 0 1]


[0 0 0 0 0 0 0 1]
[1 0 0 0 0 0 0 1]
[0 1 0 0 0 0 0 0]
[0 0 1 0 0 0 0 1]
[0 0 0 1 0 0 0 1]
[0 0 0 0 1 0 0 0]
[0 0 0 0 0 1 0 0]
[0 0 0 0 0 0 1 1]


89
[1 0 0 0 0 0 0 0]
[0 1 0 0 0 0 0 0]
[0 0 1 0 0 0 0 0]
[0 0 0 1 0 0 0 0]
[0 0 0 0 1 0 0 0]
[0 0 0 0 0 1 0 0]
[0 0 0 0 0 0 1 0]
[0 0 0 0 0 0 0 1]


[0 0 0 0 0 0 0 1]
[1 0 0 0 0 0 0 1]
[0 1 0 0 0 0 0 1]
[0 0 1 0 0 0 0 0]
[0 0 0 1 0 0 0 0]
[0 0 0 0 1 0 0 1]
[0 0 0 0 0 1 0 0]
[0 0 0 0 0 0 1 1]


90
[1 0 0 0 0 0 0 0]
[0 1 0 0 0 0 0 0]
[0 0 1 0 0 0 0 0]
[0 0 0 1 0 0 0 0]
[0 0 0 0 1 0 0 0]
[0 0 0 0 0 1 0 0]
[0 0 0 0 0 0 1 0]
[0 0 0 0 0 0 0 1]


[0 0 0 0 0 0 0 1]
[1 0 0 0 0 0 0 1]
[0 1 0 0 0 0 0 0]
[0 0 1 0 0 0 0 0]
[0 0 0 1 0 0 0 1]
[0 0 0 0 1 0 0 1]
[0 0 0 0 0 1 0 0]
[0 0 0 0 0 0 1 1]


91
[1 0 0 0 0 0 0 0]
[0 1 0 0 0 0 0 0]
[0 0 1 0 0 0 0 0]
[0 0 0 1 0 0 0 0]
[0 0 0 0 1 0 0 0]
[0 0 0 0 0 1 0 0]
[0 0 0 0 0 0 1 0]
[0 0 0 0 0 0 0 1]


[0 0 0 0 0 0 0 1]
[1 0 0 0 0 0 0 0]
[0 1 0 0 0 0 0 0]
[0 0 1 0 0 0 0 0]
[0 0 0 1 0 0 0 0]
[0 0 0 0 1 0 0 0]
[0 0 0 0 0 1 0 1]
[0 0 0 0 0 0 1 1]


92
[1 0 0 0 0 0 0 0]
[0 1 0 0 0 0 0 0]
[0 0 1 0 0 0 0 0]
[0 0 0 1 0 0 0 0]
[0 0 0 0 1 0 0 0]
[0 0 0 0 0 1 0 0]
[0 0 0 0 0 0 1 0]
[0 0 0 0 0 0 0 1]


[0 0 0 0 0 0 0 1]
[1 0 0 0 0 0 0 1]
[0 1 0 0 0 0 0 0]
[0 0 1 0 0 0 0 1]
[0 0 0 1 0 0 0 0]
[0 0 0 0 1 0 0 0]
[0 0 0 0 0 1 0 1]
[0 0 0 0 0 0 1 1]


93
[1 0 0 0 0 0 0 0]
[0 1 0 0 0 0 0 0]
[0 0 1 0 0 0 0 0]
[0 0 0 1 0 0 0 0]
[0 0 0 0 1 0 0 0]
[0 0 0 0 0 1 0 0]
[0 0 0 0 0 0 1 0]
[0 0 0 0 0 0 0 1]


[0 0 0 0 0 0 0 1]
[1 0 0 0 0 0 0 1]
[0 1 0 0 0 0 0 1]
[0 0 1 0 0 0 0 0]
[0 0 0 1 0 0 0 1]
[0 0 0 0 1 0 0 0]
[0 0 0 0 0 1 0 1]
[0 0 0 0 0 0 1 1]


94
[1 0 0 0 0 0 0 0]
[0 1 0 0 0 0 0 0]
[0 0 1 0 0 0 0 0]
[0 0 0 1 0 0 0 0]
[0 0 0 0 1 0 0 0]
[0 0 0 0 0 1 0 0]
[0 0 0 0 0 0 1 0]
[0 0 0 0 0 0 0 1]


[0 0 0 0 0 0 0 1]
[1 0 0 0 0 0 0 0]
[0 1 0 0 0 0 0 0]
[0 0 1 0 0 0 0 1]
[0 0 0 1 0 0 0 0]
[0 0 0 0 1 0 0 1]
[0 0 0 0 0 1 0 1]
[0 0 0 0 0 0 1 1]


95
[1 0 0 0 0 0 0 0]
[0 1 0 0 0 0 0 0]
[0 0 1 0 0 0 0 0]
[0 0 0 1 0 0 0 0]
[0 0 0 0 1 0 0 0]
[0 0 0 0 0 1 0 0]
[0 0 0 0 0 0 1 0]
[0 0 0 0 0 0 0 1]


[0 0 0 0 0 0 0 1]
[1 0 0 0 0 0 0 0]
[0 1 0 0 0 0 0 1]
[0 0 1 0 0 0 0 1]
[0 0 0 1 0 0 0 1]
[0 0 0 0 1 0 0 1]
[0 0 0 0 0 1 0 1]
[0 0 0 0 0 0 1 1]


96
[1 0 0 0 0 0 0 0]
[0 1 0 0 0 0 0 0]
[0 0 1 0 0 0 0 0]
[0 0 0 1 0 0 0 0]
[0 0 0 0 1 0 0 0]
[0 0 0 0 0 1 0 0]
[0 0 0 0 0 0 1 0]
[0 0 0 0 0 0 0 1]


[1 0 0 0 0 0 0 0]
[0 0 0 0 0 0 0 1]
[0 1 0 0 0 0 0 0]
[0 0 1 0 0 0 0 0]
[0 0 0 1 0 0 0 0]
[0 0 0 0 1 0 0 0]
[0 0 0 0 0 1 0 0]
[0 0 0 0 0 0 1 0]


97
[1 0 0 0 0 0 0 0]
[0 1 0 0 0 0 0 0]
[0 0 1 0 0 0 0 0]
[0 0 0 1 0 0 0 0]
[0 0 0 0 1 0 0 0]
[0 0 0 0 0 1 0 0]
[0 0 0 0 0 0 1 0]
[0 0 0 0 0 0 0 1]


[1 0 0 0 0 0 0 0]
[0 1 0 0 0 0 0 0]
[0 0 0 0 0 0 0 1]
[0 0 1 0 0 0 0 1]
[0 0 0 1 0 0 0 1]
[0 0 0 0 1 0 0 0]
[0 0 0 0 0 1 0 0]
[0 0 0 0 0 0 1 0]


98
[1 0 0 0 0 0 0 0]
[0 1 0 0 0 0 0 0]
[0 0 1 0 0 0 0 0]
[0 0 0 1 0 0 0 0]
[0 0 0 0 1 0 0 0]
[0 0 0 0 0 1 0 0]
[0 0 0 0 0 0 1 0]
[0 0 0 0 0 0 0 1]


[1 0 0 0 0 0 0 0]
[0 1 0 0 0 0 0 0]
[0 0 0 0 0 0 0 1]
[0 0 1 0 0 0 0 0]
[0 0 0 1 0 0 0 1]
[0 0 0 0 1 0 0 1]
[0 0 0 0 0 1 0 0]
[0 0 0 0 0 0 1 0]


99
[1 0 0 0 0 0 0 0]
[0 1 0 0 0 0 0 0]
[0 0 1 0 0 0 0 0]
[0 0 0 1 0 0 0 0]
[0 0 0 0 1 0 0 0]
[0 0 0 0 0 1 0 0]
[0 0 0 0 0 0 1 0]
[0 0 0 0 0 0 0 1]


[1 0 0 0 0 0 0 0]
[0 1 0 0 0 0 0 0]
[0 0 0 0 0 0 0 1]
[0 0 1 0 0 0 0 0]
[0 0 0 1 0 0 0 0]
[0 0 0 0 1 0 0 1]
[0 0 0 0 0 1 0 1]
[0 0 0 0 0 0 1 0]


100
[1 0 0 0 0 0 0 0]
[0 1 0 0 0 0 0 0]
[0 0 1 0 0 0 0 0]
[0 0 0 1 0 0 0 0]
[0 0 0 0 1 0 0 0]
[0 0 0 0 0 1 0 0]
[0 0 0 0 0 0 1 0]
[0 0 0 0 0 0 0 1]


[1 0 0 0 0 0 0 0]
[0 1 0 0 0 0 0 0]
[0 0 0 0 0 0 0 1]
[0 0 1 0 0 0 0 1]
[0 0 0 1 0 0 0 1]
[0 0 0 0 1 0 0 1]
[0 0 0 0 0 1 0 0]
[0 0 0 0 0 0 1 1]


101
[1 0 0 0 0 0 0 0]
[0 1 0 0 0 0 0 0]
[0 0 1 0 0 0 0 0]
[0 0 0 1 0 0 0 0]
[0 0 0 0 1 0 0 0]
[0 0 0 0 0 1 0 0]
[0 0 0 0 0 0 1 0]
[0 0 0 0 0 0 0 1]


[1 0 0 0 0 0 0 0]
[0 1 0 0 0 0 0 0]
[0 0 0 0 0 0 0 1]
[0 0 1 0 0 0 0 0]
[0 0 0 1 0 0 0 0]
[0 0 0 0 1 0 0 0]
[0 0 0 0 0 1 0 1]
[0 0 0 0 0 0 1 1]


102
[1 0 0 0 0 0 0 0]
[0 1 0 0 0 0 0 0]
[0 0 1 0 0 0 0 0]
[0 0 0 1 0 0 0 0]
[0 0 0 0 1 0 0 0]
[0 0 0 0 0 1 0 0]
[0 0 0 0 0 0 1 0]
[0 0 0 0 0 0 0 1]


[1 0 0 0 0 0 0 0]
[0 1 0 0 0 0 0 0]
[0 0 0 0 0 0 0 1]
[0 0 1 0 0 0 0 1]
[0 0 0 1 0 0 0 0]
[0 0 0 0 1 0 0 1]
[0 0 0 0 0 1 0 1]
[0 0 0 0 0 0 1 1]


103
[1 0 0 0 0 0 0 0]
[0 1 0 0 0 0 0 0]
[0 0 1 0 0 0 0 0]
[0 0 0 1 0 0 0 0]
[0 0 0 0 1 0 0 0]
[0 0 0 0 0 1 0 0]
[0 0 0 0 0 0 1 0]
[0 0 0 0 0 0 0 1]


[1 0 0 0 0 0 0 0]
[0 1 0 0 0 0 0 0]
[0 0 1 0 0 0 0 0]
[0 0 0 0 0 0 0 1]
[0 0 0 1 0 0 0 0]
[0 0 0 0 1 0 0 0]
[0 0 0 0 0 1 0 0]
[0 0 0 0 0 0 1 0]


104
[1 0 0 0 0 0 0 0]
[0 1 0 0 0 0 0 0]
[0 0 1 0 0 0 0 0]
[0 0 0 1 0 0 0 0]
[0 0 0 0 1 0 0 0]
[0 0 0 0 0 1 0 0]
[0 0 0 0 0 0 1 0]
[0 0 0 0 0 0 0 1]


[0 0 0 1 0 0 0 0]
[1 0 0 1 0 0 0 0]
[0 1 0 1 0 0 0 0]
[0 0 1 0 0 0 0 0]
[0 0 0 0 0 0 0 1]
[0 0 0 0 1 0 0 1]
[0 0 0 0 0 1 0 1]
[0 0 0 0 0 0 1 0]


105
[1 0 0 0 0 0 0 0]
[0 1 0 0 0 0 0 0]
[0 0 1 0 0 0 0 0]
[0 0 0 1 0 0 0 0]
[0 0 0 0 1 0 0 0]
[0 0 0 0 0 1 0 0]
[0 0 0 0 0 0 1 0]
[0 0 0 0 0 0 0 1]


[0 0 0 1 0 0 0 0]
[1 0 0 0 0 0 0 0]
[0 1 0 1 0 0 0 0]
[0 0 1 1 0 0 0 0]
[0 0 0 0 0 0 0 1]
[0 0 0 0 1 0 0 0]
[0 0 0 0 0 1 0 1]
[0 0 0 0 0 0 1 1]


106
[1 0 0 0 0 0 0 0]
[0 1 0 0 0 0 0 0]
[0 0 1 0 0 0 0 0]
[0 0 0 1 0 0 0 0]
[0 0 0 0 1 0 0 0]
[0 0 0 0 0 1 0 0]
[0 0 0 0 0 0 1 0]
[0 0 0 0 0 0 0 1]


[0 0 0 1 0 0 0 0]
[1 0 0 1 0 0 0 0]
[0 1 0 1 0 0 0 0]
[0 0 1 1 0 0 0 0]
[0 0 0 0 0 0 0 1]
[0 0 0 0 1 0 0 1]
[0 0 0 0 0 1 0 1]
[0 0 0 0 0 0 1 1]


107
[1 0 0 0 0 0 0 0]
[0 1 0 0 0 0 0 0]
[0 0 1 0 0 0 0 0]
[0 0 0 1 0 0 0 0]
[0 0 0 0 1 0 0 0]
[0 0 0 0 0 1 0 0]
[0 0 0 0 0 0 1 0]
[0 0 0 0 0 0 0 1]


[1 0 0 0 0 0 0 0]
[0 1 0 0 0 0 0 0]
[0 0 1 0 0 0 0 0]
[0 0 0 1 0 0 0 0]
[0 0 0 0 0 0 0 1]
[0 0 0 0 1 0 0 1]
[0 0 0 0 0 1 0 1]
[0 0 0 0 0 0 1 0]


108
[1 0 0 0 0 0 0 0]
[0 1 0 0 0 0 0 0]
[0 0 1 0 0 0 0 0]
[0 0 0 1 0 0 0 0]
[0 0 0 0 1 0 0 0]
[0 0 0 0 0 1 0 0]
[0 0 0 0 0 0 1 0]
[0 0 0 0 0 0 0 1]


[1 0 0 0 0 0 0 0]
[0 1 0 0 0 0 0 0]
[0 0 1 0 0 0 0 0]
[0 0 0 1 0 0 0 0]
[0 0 0 0 0 0 0 1]
[0 0 0 0 1 0 0 0]
[0 0 0 0 0 1 0 1]
[0 0 0 0 0 0 1 1]


109
[1 0 0 0 0 0 0 0]
[0 1 0 0 0 0 0 0]
[0 0 1 0 0 0 0 0]
[0 0 0 1 0 0 0 0]
[0 0 0 0 1 0 0 0]
[0 0 0 0 0 1 0 0]
[0 0 0 0 0 0 1 0]
[0 0 0 0 0 0 0 1]


[0 1 0 0 0 0 0 0]
[1 1 0 0 0 0 0 0]
[0 0 0 0 1 0 0 0]
[0 0 1 0 0 0 0 0]
[0 0 0 1 0 0 0 0]
[0 0 0 0 0 0 0 1]
[0 0 0 0 0 1 0 0]
[0 0 0 0 0 0 1 0]


110
[1 0 0 0 0 0 0 0]
[0 1 0 0 0 0 0 0]
[0 0 1 0 0 0 0 0]
[0 0 0 1 0 0 0 0]
[0 0 0 0 1 0 0 0]
[0 0 0 0 0 1 0 0]
[0 0 0 0 0 0 1 0]
[0 0 0 0 0 0 0 1]


[1 0 0 0 0 0 0 0]
[0 1 0 0 0 0 0 0]
[0 0 0 0 1 0 0 0]
[0 0 1 0 0 0 0 0]
[0 0 0 1 0 0 0 0]
[0 0 0 0 0 0 0 1]
[0 0 0 0 0 1 0 0]
[0 0 0 0 0 0 1 0]


111
[1 0 0 0 0 0 0 0]
[0 1 0 0 0 0 0 0]
[0 0 1 0 0 0 0 0]
[0 0 0 1 0 0 0 0]
[0 0 0 0 1 0 0 0]
[0 0 0 0 0 1 0 0]
[0 0 0 0 0 0 1 0]
[0 0 0 0 0 0 0 1]


[1 0 0 0 0 0 0 0]
[0 1 0 0 0 0 0 0]
[0 0 1 0 0 0 0 0]
[0 0 0 1 0 0 0 0]
[0 0 0 0 1 0 0 0]
[0 0 0 0 0 0 0 1]
[0 0 0 0 0 1 0 0]
[0 0 0 0 0 0 1 0]


112
[1 0 0 0 0 0 0 0]
[0 1 0 0 0 0 0 0]
[0 0 1 0 0 0 0 0]
[0 0 0 1 0 0 0 0]
[0 0 0 0 1 0 0 0]
[0 0 0 0 0 1 0 0]
[0 0 0 0 0 0 1 0]
[0 0 0 0 0 0 0 1]


[0 1 0 0 0 0 0 0]
[1 0 0 0 0 0 0 0]
[0 0 0 1 0 0 0 0]
[0 0 1 0 0 0 0 0]
[0 0 0 0 0 1 0 0]
[0 0 0 0 1 0 0 0]
[0 0 0 0 0 0 0 1]
[0 0 0 0 0 0 1 0]


113
[1 0 0 0 0 0 0 0]
[0 1 0 0 0 0 0 0]
[0 0 1 0 0 0 0 0]
[0 0 0 1 0 0 0 0]
[0 0 0 0 1 0 0 0]
[0 0 0 0 0 1 0 0]
[0 0 0 0 0 0 1 0]
[0 0 0 0 0 0 0 1]


[0 1 0 0 0 0 0 0]
[1 1 0 0 0 0 0 0]
[0 0 0 1 0 0 0 0]
[0 0 1 1 0 0 0 0]
[0 0 0 0 0 1 0 0]
[0 0 0 0 1 1 0 0]
[0 0 0 0 0 0 0 1]
[0 0 0 0 0 0 1 1]


114
[1 0 0 0 0 0 0 0]
[0 1 0 0 0 0 0 0]
[0 0 1 0 0 0 0 0]
[0 0 0 1 0 0 0 0]
[0 0 0 0 1 0 0 0]
[0 0 0 0 0 1 0 0]
[0 0 0 0 0 0 1 0]
[0 0 0 0 0 0 0 1]


[1 0 0 0 0 0 0 0]
[0 1 0 0 0 0 0 0]
[0 0 0 1 0 0 0 0]
[0 0 1 0 0 0 0 0]
[0 0 0 0 0 1 0 0]
[0 0 0 0 1 0 0 0]
[0 0 0 0 0 0 0 1]
[0 0 0 0 0 0 1 0]


115
[1 0 0 0 0 0 0 0]
[0 1 0 0 0 0 0 0]
[0 0 1 0 0 0 0 0]
[0 0 0 1 0 0 0 0]
[0 0 0 0 1 0 0 0]
[0 0 0 0 0 1 0 0]
[0 0 0 0 0 0 1 0]
[0 0 0 0 0 0 0 1]


[1 0 0 0 0 0 0 0]
[0 1 0 0 0 0 0 0]
[0 0 1 0 0 0 0 0]
[0 0 0 1 0 0 0 0]
[0 0 0 0 0 1 0 0]
[0 0 0 0 1 0 0 0]
[0 0 0 0 0 0 0 1]
[0 0 0 0 0 0 1 0]


116
[1 0 0 0 0 0 0 0]
[0 1 0 0 0 0 0 0]
[0 0 1 0 0 0 0 0]
[0 0 0 1 0 0 0 0]
[0 0 0 0 1 0 0 0]
[0 0 0 0 0 1 0 0]
[0 0 0 0 0 0 1 0]
[0 0 0 0 0 0 0 1]


[1 0 0 0 0 0 0 0]
[0 1 0 0 0 0 0 0]
[0 0 1 0 0 0 0 0]
[0 0 0 1 0 0 0 0]
[0 0 0 0 1 0 0 0]
[0 0 0 0 0 1 0 0]
[0 0 0 0 0 0 0 1]
[0 0 0 0 0 0 1 0]


117
[0 0 0 0 0 0 0 1]
[1 0 0 0 0 0 0 1]
[0 1 0 0 0 0 0 1]
[0 0 1 0 0 0 0 0]
[0 0 0 1 0 0 0 0]
[0 0 0 0 1 0 0 0]
[0 0 0 0 0 1 0 0]
[0 0 0 0 0 0 1 0]


[1 0 0 0 0 0 0 0]
[0 1 0 0 0 0 0 0]
[0 0 1 0 0 0 0 0]
[0 0 0 1 0 0 0 0]
[0 0 0 0 1 0 0 0]
[0 0 0 0 0 1 0 0]
[0 0 0 0 0 0 1 0]
[0 0 0 0 0 0 0 1]


118
[0 0 0 0 0 0 0 1]
[1 0 0 0 0 0 0 1]
[0 1 0 0 0 0 0 0]
[0 0 1 0 0 0 0 0]
[0 0 0 1 0 0 0 1]
[0 0 0 0 1 0 0 0]
[0 0 0 0 0 1 0 0]
[0 0 0 0 0 0 1 0]


[1 0 0 0 0 0 0 0]
[0 1 0 0 0 0 0 0]
[0 0 1 0 0 0 0 0]
[0 0 0 1 0 0 0 0]
[0 0 0 0 1 0 0 0]
[0 0 0 0 0 1 0 0]
[0 0 0 0 0 0 1 0]
[0 0 0 0 0 0 0 1]


119
[0 0 0 0 0 0 0 1]
[1 0 0 0 0 0 0 0]
[0 1 0 0 0 0 0 0]
[0 0 1 0 0 0 0 1]
[0 0 0 1 0 0 0 1]
[0 0 0 0 1 0 0 0]
[0 0 0 0 0 1 0 0]
[0 0 0 0 0 0 1 0]


[1 0 0 0 0 0 0 0]
[0 1 0 0 0 0 0 0]
[0 0 1 0 0 0 0 0]
[0 0 0 1 0 0 0 0]
[0 0 0 0 1 0 0 0]
[0 0 0 0 0 1 0 0]
[0 0 0 0 0 0 1 0]
[0 0 0 0 0 0 0 1]


120
[0 0 0 0 0 0 0 1]
[1 0 0 0 0 0 0 1]
[0 1 0 0 0 0 0 1]
[0 0 1 0 0 0 0 1]
[0 0 0 1 0 0 0 0]
[0 0 0 0 1 0 0 1]
[0 0 0 0 0 1 0 0]
[0 0 0 0 0 0 1 0]


[1 0 0 0 0 0 0 0]
[0 1 0 0 0 0 0 0]
[0 0 1 0 0 0 0 0]
[0 0 0 1 0 0 0 0]
[0 0 0 0 1 0 0 0]
[0 0 0 0 0 1 0 0]
[0 0 0 0 0 0 1 0]
[0 0 0 0 0 0 0 1]


121
[0 0 0 0 0 0 0 1]
[1 0 0 0 0 0 0 0]
[0 1 0 0 0 0 0 0]
[0 0 1 0 0 0 0 0]
[0 0 0 1 0 0 0 1]
[0 0 0 0 1 0 0 1]
[0 0 0 0 0 1 0 0]
[0 0 0 0 0 0 1 0]


[1 0 0 0 0 0 0 0]
[0 1 0 0 0 0 0 0]
[0 0 1 0 0 0 0 0]
[0 0 0 1 0 0 0 0]
[0 0 0 0 1 0 0 0]
[0 0 0 0 0 1 0 0]
[0 0 0 0 0 0 1 0]
[0 0 0 0 0 0 0 1]


122
[0 0 0 0 0 0 0 1]
[1 0 0 0 0 0 0 0]
[0 1 0 0 0 0 0 0]
[0 0 1 0 0 0 0 1]
[0 0 0 1 0 0 0 1]
[0 0 0 0 1 0 0 1]
[0 0 0 0 0 1 0 0]
[0 0 0 0 0 0 1 0]


[1 0 0 0 0 0 0 0]
[0 1 0 0 0 0 0 0]
[0 0 1 0 0 0 0 0]
[0 0 0 1 0 0 0 0]
[0 0 0 0 1 0 0 0]
[0 0 0 0 0 1 0 0]
[0 0 0 0 0 0 1 0]
[0 0 0 0 0 0 0 1]


123
[0 0 0 0 0 0 0 1]
[1 0 0 0 0 0 0 1]
[0 1 0 0 0 0 0 0]
[0 0 1 0 0 0 0 0]
[0 0 0 1 0 0 0 0]
[0 0 0 0 1 0 0 0]
[0 0 0 0 0 1 0 1]
[0 0 0 0 0 0 1 0]


[1 0 0 0 0 0 0 0]
[0 1 0 0 0 0 0 0]
[0 0 1 0 0 0 0 0]
[0 0 0 1 0 0 0 0]
[0 0 0 0 1 0 0 0]
[0 0 0 0 0 1 0 0]
[0 0 0 0 0 0 1 0]
[0 0 0 0 0 0 0 1]


124
[0 0 0 0 0 0 0 1]
[1 0 0 0 0 0 0 0]
[0 1 0 0 0 0 0 1]
[0 0 1 0 0 0 0 1]
[0 0 0 1 0 0 0 1]
[0 0 0 0 1 0 0 0]
[0 0 0 0 0 1 0 1]
[0 0 0 0 0 0 1 0]


[1 0 0 0 0 0 0 0]
[0 1 0 0 0 0 0 0]
[0 0 1 0 0 0 0 0]
[0 0 0 1 0 0 0 0]
[0 0 0 0 1 0 0 0]
[0 0 0 0 0 1 0 0]
[0 0 0 0 0 0 1 0]
[0 0 0 0 0 0 0 1]


125
[0 0 0 0 0 0 0 1]
[1 0 0 0 0 0 0 0]
[0 1 0 0 0 0 0 1]
[0 0 1 0 0 0 0 0]
[0 0 0 1 0 0 0 1]
[0 0 0 0 1 0 0 1]
[0 0 0 0 0 1 0 1]
[0 0 0 0 0 0 1 0]


[1 0 0 0 0 0 0 0]
[0 1 0 0 0 0 0 0]
[0 0 1 0 0 0 0 0]
[0 0 0 1 0 0 0 0]
[0 0 0 0 1 0 0 0]
[0 0 0 0 0 1 0 0]
[0 0 0 0 0 0 1 0]
[0 0 0 0 0 0 0 1]


126
[0 0 0 0 0 0 0 1]
[1 0 0 0 0 0 0 1]
[0 1 0 0 0 0 0 1]
[0 0 1 0 0 0 0 1]
[0 0 0 1 0 0 0 1]
[0 0 0 0 1 0 0 1]
[0 0 0 0 0 1 0 1]
[0 0 0 0 0 0 1 0]


[1 0 0 0 0 0 0 0]
[0 1 0 0 0 0 0 0]
[0 0 1 0 0 0 0 0]
[0 0 0 1 0 0 0 0]
[0 0 0 0 1 0 0 0]
[0 0 0 0 0 1 0 0]
[0 0 0 0 0 0 1 0]
[0 0 0 0 0 0 0 1]


127
[0 0 0 0 0 0 0 1]
[1 0 0 0 0 0 0 0]
[0 1 0 0 0 0 0 1]
[0 0 1 0 0 0 0 0]
[0 0 0 1 0 0 0 0]
[0 0 0 0 1 0 0 0]
[0 0 0 0 0 1 0 0]
[0 0 0 0 0 0 1 1]


[1 0 0 0 0 0 0 0]
[0 1 0 0 0 0 0 0]
[0 0 1 0 0 0 0 0]
[0 0 0 1 0 0 0 0]
[0 0 0 0 1 0 0 0]
[0 0 0 0 0 1 0 0]
[0 0 0 0 0 0 1 0]
[0 0 0 0 0 0 0 1]


128
[0 0 0 0 0 0 0 1]
[1 0 0 0 0 0 0 0]
[0 1 0 0 0 0 0 0]
[0 0 1 0 0 0 0 0]
[0 0 0 1 0 0 0 1]
[0 0 0 0 1 0 0 0]
[0 0 0 0 0 1 0 0]
[0 0 0 0 0 0 1 1]


[1 0 0 0 0 0 0 0]
[0 1 0 0 0 0 0 0]
[0 0 1 0 0 0 0 0]
[0 0 0 1 0 0 0 0]
[0 0 0 0 1 0 0 0]
[0 0 0 0 0 1 0 0]
[0 0 0 0 0 0 1 0]
[0 0 0 0 0 0 0 1]


129
[0 0 0 0 0 0 0 1]
[1 0 0 0 0 0 0 1]
[0 1 0 0 0 0 0 0]
[0 0 1 0 0 0 0 1]
[0 0 0 1 0 0 0 1]
[0 0 0 0 1 0 0 0]
[0 0 0 0 0 1 0 0]
[0 0 0 0 0 0 1 1]


[1 0 0 0 0 0 0 0]
[0 1 0 0 0 0 0 0]
[0 0 1 0 0 0 0 0]
[0 0 0 1 0 0 0 0]
[0 0 0 0 1 0 0 0]
[0 0 0 0 0 1 0 0]
[0 0 0 0 0 0 1 0]
[0 0 0 0 0 0 0 1]


130
[0 0 0 0 0 0 0 1]
[1 0 0 0 0 0 0 1]
[0 1 0 0 0 0 0 1]
[0 0 1 0 0 0 0 0]
[0 0 0 1 0 0 0 0]
[0 0 0 0 1 0 0 1]
[0 0 0 0 0 1 0 0]
[0 0 0 0 0 0 1 1]


[1 0 0 0 0 0 0 0]
[0 1 0 0 0 0 0 0]
[0 0 1 0 0 0 0 0]
[0 0 0 1 0 0 0 0]
[0 0 0 0 1 0 0 0]
[0 0 0 0 0 1 0 0]
[0 0 0 0 0 0 1 0]
[0 0 0 0 0 0 0 1]


131
[0 0 0 0 0 0 0 1]
[1 0 0 0 0 0 0 1]
[0 1 0 0 0 0 0 0]
[0 0 1 0 0 0 0 0]
[0 0 0 1 0 0 0 1]
[0 0 0 0 1 0 0 1]
[0 0 0 0 0 1 0 0]
[0 0 0 0 0 0 1 1]


[1 0 0 0 0 0 0 0]
[0 1 0 0 0 0 0 0]
[0 0 1 0 0 0 0 0]
[0 0 0 1 0 0 0 0]
[0 0 0 0 1 0 0 0]
[0 0 0 0 0 1 0 0]
[0 0 0 0 0 0 1 0]
[0 0 0 0 0 0 0 1]


132
[0 0 0 0 0 0 0 1]
[1 0 0 0 0 0 0 0]
[0 1 0 0 0 0 0 0]
[0 0 1 0 0 0 0 0]
[0 0 0 1 0 0 0 0]
[0 0 0 0 1 0 0 0]
[0 0 0 0 0 1 0 1]
[0 0 0 0 0 0 1 1]


[1 0 0 0 0 0 0 0]
[0 1 0 0 0 0 0 0]
[0 0 1 0 0 0 0 0]
[0 0 0 1 0 0 0 0]
[0 0 0 0 1 0 0 0]
[0 0 0 0 0 1 0 0]
[0 0 0 0 0 0 1 0]
[0 0 0 0 0 0 0 1]


133
[0 0 0 0 0 0 0 1]
[1 0 0 0 0 0 0 1]
[0 1 0 0 0 0 0 0]
[0 0 1 0 0 0 0 1]
[0 0 0 1 0 0 0 0]
[0 0 0 0 1 0 0 0]
[0 0 0 0 0 1 0 1]
[0 0 0 0 0 0 1 1]


[1 0 0 0 0 0 0 0]
[0 1 0 0 0 0 0 0]
[0 0 1 0 0 0 0 0]
[0 0 0 1 0 0 0 0]
[0 0 0 0 1 0 0 0]
[0 0 0 0 0 1 0 0]
[0 0 0 0 0 0 1 0]
[0 0 0 0 0 0 0 1]


134
[0 0 0 0 0 0 0 1]
[1 0 0 0 0 0 0 1]
[0 1 0 0 0 0 0 1]
[0 0 1 0 0 0 0 0]
[0 0 0 1 0 0 0 1]
[0 0 0 0 1 0 0 0]
[0 0 0 0 0 1 0 1]
[0 0 0 0 0 0 1 1]


[1 0 0 0 0 0 0 0]
[0 1 0 0 0 0 0 0]
[0 0 1 0 0 0 0 0]
[0 0 0 1 0 0 0 0]
[0 0 0 0 1 0 0 0]
[0 0 0 0 0 1 0 0]
[0 0 0 0 0 0 1 0]
[0 0 0 0 0 0 0 1]


135
[0 0 0 0 0 0 0 1]
[1 0 0 0 0 0 0 0]
[0 1 0 0 0 0 0 0]
[0 0 1 0 0 0 0 1]
[0 0 0 1 0 0 0 0]
[0 0 0 0 1 0 0 1]
[0 0 0 0 0 1 0 1]
[0 0 0 0 0 0 1 1]


[1 0 0 0 0 0 0 0]
[0 1 0 0 0 0 0 0]
[0 0 1 0 0 0 0 0]
[0 0 0 1 0 0 0 0]
[0 0 0 0 1 0 0 0]
[0 0 0 0 0 1 0 0]
[0 0 0 0 0 0 1 0]
[0 0 0 0 0 0 0 1]


136
[0 0 0 0 0 0 0 1]
[1 0 0 0 0 0 0 0]
[0 1 0 0 0 0 0 1]
[0 0 1 0 0 0 0 1]
[0 0 0 1 0 0 0 1]
[0 0 0 0 1 0 0 1]
[0 0 0 0 0 1 0 1]
[0 0 0 0 0 0 1 1]


[1 0 0 0 0 0 0 0]
[0 1 0 0 0 0 0 0]
[0 0 1 0 0 0 0 0]
[0 0 0 1 0 0 0 0]
[0 0 0 0 1 0 0 0]
[0 0 0 0 0 1 0 0]
[0 0 0 0 0 0 1 0]
[0 0 0 0 0 0 0 1]


137
[1 0 0 0 0 0 0 0]
[0 0 0 0 0 0 0 1]
[0 1 0 0 0 0 0 0]
[0 0 1 0 0 0 0 0]
[0 0 0 1 0 0 0 0]
[0 0 0 0 1 0 0 0]
[0 0 0 0 0 1 0 0]
[0 0 0 0 0 0 1 0]


[1 0 0 0 0 0 0 0]
[0 1 0 0 0 0 0 0]
[0 0 1 0 0 0 0 0]
[0 0 0 1 0 0 0 0]
[0 0 0 0 1 0 0 0]
[0 0 0 0 0 1 0 0]
[0 0 0 0 0 0 1 0]
[0 0 0 0 0 0 0 1]


138
[1 0 0 0 0 0 0 0]
[0 1 0 0 0 0 0 0]
[0 0 0 0 0 0 0 1]
[0 0 1 0 0 0 0 1]
[0 0 0 1 0 0 0 1]
[0 0 0 0 1 0 0 0]
[0 0 0 0 0 1 0 0]
[0 0 0 0 0 0 1 0]


[1 0 0 0 0 0 0 0]
[0 1 0 0 0 0 0 0]
[0 0 1 0 0 0 0 0]
[0 0 0 1 0 0 0 0]
[0 0 0 0 1 0 0 0]
[0 0 0 0 0 1 0 0]
[0 0 0 0 0 0 1 0]
[0 0 0 0 0 0 0 1]


139
[1 0 0 0 0 0 0 0]
[0 1 0 0 0 0 0 0]
[0 0 0 0 0 0 0 1]
[0 0 1 0 0 0 0 0]
[0 0 0 1 0 0 0 1]
[0 0 0 0 1 0 0 1]
[0 0 0 0 0 1 0 0]
[0 0 0 0 0 0 1 0]


[1 0 0 0 0 0 0 0]
[0 1 0 0 0 0 0 0]
[0 0 1 0 0 0 0 0]
[0 0 0 1 0 0 0 0]
[0 0 0 0 1 0 0 0]
[0 0 0 0 0 1 0 0]
[0 0 0 0 0 0 1 0]
[0 0 0 0 0 0 0 1]


140
[1 0 0 0 0 0 0 0]
[0 1 0 0 0 0 0 0]
[0 0 0 0 0 0 0 1]
[0 0 1 0 0 0 0 0]
[0 0 0 1 0 0 0 0]
[0 0 0 0 1 0 0 1]
[0 0 0 0 0 1 0 1]
[0 0 0 0 0 0 1 0]


[1 0 0 0 0 0 0 0]
[0 1 0 0 0 0 0 0]
[0 0 1 0 0 0 0 0]
[0 0 0 1 0 0 0 0]
[0 0 0 0 1 0 0 0]
[0 0 0 0 0 1 0 0]
[0 0 0 0 0 0 1 0]
[0 0 0 0 0 0 0 1]


141
[1 0 0 0 0 0 0 0]
[0 1 0 0 0 0 0 0]
[0 0 0 0 0 0 0 1]
[0 0 1 0 0 0 0 1]
[0 0 0 1 0 0 0 1]
[0 0 0 0 1 0 0 1]
[0 0 0 0 0 1 0 0]
[0 0 0 0 0 0 1 1]


[1 0 0 0 0 0 0 0]
[0 1 0 0 0 0 0 0]
[0 0 1 0 0 0 0 0]
[0 0 0 1 0 0 0 0]
[0 0 0 0 1 0 0 0]
[0 0 0 0 0 1 0 0]
[0 0 0 0 0 0 1 0]
[0 0 0 0 0 0 0 1]


142
[1 0 0 0 0 0 0 0]
[0 1 0 0 0 0 0 0]
[0 0 0 0 0 0 0 1]
[0 0 1 0 0 0 0 0]
[0 0 0 1 0 0 0 0]
[0 0 0 0 1 0 0 0]
[0 0 0 0 0 1 0 1]
[0 0 0 0 0 0 1 1]


[1 0 0 0 0 0 0 0]
[0 1 0 0 0 0 0 0]
[0 0 1 0 0 0 0 0]
[0 0 0 1 0 0 0 0]
[0 0 0 0 1 0 0 0]
[0 0 0 0 0 1 0 0]
[0 0 0 0 0 0 1 0]
[0 0 0 0 0 0 0 1]


143
[1 0 0 0 0 0 0 0]
[0 1 0 0 0 0 0 0]
[0 0 0 0 0 0 0 1]
[0 0 1 0 0 0 0 1]
[0 0 0 1 0 0 0 0]
[0 0 0 0 1 0 0 1]
[0 0 0 0 0 1 0 1]
[0 0 0 0 0 0 1 1]


[1 0 0 0 0 0 0 0]
[0 1 0 0 0 0 0 0]
[0 0 1 0 0 0 0 0]
[0 0 0 1 0 0 0 0]
[0 0 0 0 1 0 0 0]
[0 0 0 0 0 1 0 0]
[0 0 0 0 0 0 1 0]
[0 0 0 0 0 0 0 1]


144
[1 0 0 0 0 0 0 0]
[0 1 0 0 0 0 0 0]
[0 0 1 0 0 0 0 0]
[0 0 0 0 0 0 0 1]
[0 0 0 1 0 0 0 0]
[0 0 0 0 1 0 0 0]
[0 0 0 0 0 1 0 0]
[0 0 0 0 0 0 1 0]


[1 0 0 0 0 0 0 0]
[0 1 0 0 0 0 0 0]
[0 0 1 0 0 0 0 0]
[0 0 0 1 0 0 0 0]
[0 0 0 0 1 0 0 0]
[0 0 0 0 0 1 0 0]
[0 0 0 0 0 0 1 0]
[0 0 0 0 0 0 0 1]


145
[0 0 0 1 0 0 0 0]
[1 0 0 1 0 0 0 0]
[0 1 0 1 0 0 0 0]
[0 0 1 0 0 0 0 0]
[0 0 0 0 0 0 0 1]
[0 0 0 0 1 0 0 1]
[0 0 0 0 0 1 0 1]
[0 0 0 0 0 0 1 0]


[1 0 0 0 0 0 0 0]
[0 1 0 0 0 0 0 0]
[0 0 1 0 0 0 0 0]
[0 0 0 1 0 0 0 0]
[0 0 0 0 1 0 0 0]
[0 0 0 0 0 1 0 0]
[0 0 0 0 0 0 1 0]
[0 0 0 0 0 0 0 1]


146
[0 0 0 1 0 0 0 0]
[1 0 0 0 0 0 0 0]
[0 1 0 1 0 0 0 0]
[0 0 1 1 0 0 0 0]
[0 0 0 0 0 0 0 1]
[0 0 0 0 1 0 0 0]
[0 0 0 0 0 1 0 1]
[0 0 0 0 0 0 1 1]


[1 0 0 0 0 0 0 0]
[0 1 0 0 0 0 0 0]
[0 0 1 0 0 0 0 0]
[0 0 0 1 0 0 0 0]
[0 0 0 0 1 0 0 0]
[0 0 0 0 0 1 0 0]
[0 0 0 0 0 0 1 0]
[0 0 0 0 0 0 0 1]


147
[0 0 0 1 0 0 0 0]
[1 0 0 1 0 0 0 0]
[0 1 0 1 0 0 0 0]
[0 0 1 1 0 0 0 0]
[0 0 0 0 0 0 0 1]
[0 0 0 0 1 0 0 1]
[0 0 0 0 0 1 0 1]
[0 0 0 0 0 0 1 1]


[1 0 0 0 0 0 0 0]
[0 1 0 0 0 0 0 0]
[0 0 1 0 0 0 0 0]
[0 0 0 1 0 0 0 0]
[0 0 0 0 1 0 0 0]
[0 0 0 0 0 1 0 0]
[0 0 0 0 0 0 1 0]
[0 0 0 0 0 0 0 1]


148
[1 0 0 0 0 0 0 0]
[0 1 0 0 0 0 0 0]
[0 0 1 0 0 0 0 0]
[0 0 0 1 0 0 0 0]
[0 0 0 0 0 0 0 1]
[0 0 0 0 1 0 0 1]
[0 0 0 0 0 1 0 1]
[0 0 0 0 0 0 1 0]


[1 0 0 0 0 0 0 0]
[0 1 0 0 0 0 0 0]
[0 0 1 0 0 0 0 0]
[0 0 0 1 0 0 0 0]
[0 0 0 0 1 0 0 0]
[0 0 0 0 0 1 0 0]
[0 0 0 0 0 0 1 0]
[0 0 0 0 0 0 0 1]


149
[1 0 0 0 0 0 0 0]
[0 1 0 0 0 0 0 0]
[0 0 1 0 0 0 0 0]
[0 0 0 1 0 0 0 0]
[0 0 0 0 0 0 0 1]
[0 0 0 0 1 0 0 0]
[0 0 0 0 0 1 0 1]
[0 0 0 0 0 0 1 1]


[1 0 0 0 0 0 0 0]
[0 1 0 0 0 0 0 0]
[0 0 1 0 0 0 0 0]
[0 0 0 1 0 0 0 0]
[0 0 0 0 1 0 0 0]
[0 0 0 0 0 1 0 0]
[0 0 0 0 0 0 1 0]
[0 0 0 0 0 0 0 1]


150
[0 1 0 0 0 0 0 0]
[1 1 0 0 0 0 0 0]
[0 0 0 0 1 0 0 0]
[0 0 1 0 0 0 0 0]
[0 0 0 1 0 0 0 0]
[0 0 0 0 0 0 0 1]
[0 0 0 0 0 1 0 0]
[0 0 0 0 0 0 1 0]


[1 0 0 0 0 0 0 0]
[0 1 0 0 0 0 0 0]
[0 0 1 0 0 0 0 0]
[0 0 0 1 0 0 0 0]
[0 0 0 0 1 0 0 0]
[0 0 0 0 0 1 0 0]
[0 0 0 0 0 0 1 0]
[0 0 0 0 0 0 0 1]


151
[1 0 0 0 0 0 0 0]
[0 1 0 0 0 0 0 0]
[0 0 0 0 1 0 0 0]
[0 0 1 0 0 0 0 0]
[0 0 0 1 0 0 0 0]
[0 0 0 0 0 0 0 1]
[0 0 0 0 0 1 0 0]
[0 0 0 0 0 0 1 0]


[1 0 0 0 0 0 0 0]
[0 1 0 0 0 0 0 0]
[0 0 1 0 0 0 0 0]
[0 0 0 1 0 0 0 0]
[0 0 0 0 1 0 0 0]
[0 0 0 0 0 1 0 0]
[0 0 0 0 0 0 1 0]
[0 0 0 0 0 0 0 1]


152
[1 0 0 0 0 0 0 0]
[0 1 0 0 0 0 0 0]
[0 0 1 0 0 0 0 0]
[0 0 0 1 0 0 0 0]
[0 0 0 0 1 0 0 0]
[0 0 0 0 0 0 0 1]
[0 0 0 0 0 1 0 0]
[0 0 0 0 0 0 1 0]


[1 0 0 0 0 0 0 0]
[0 1 0 0 0 0 0 0]
[0 0 1 0 0 0 0 0]
[0 0 0 1 0 0 0 0]
[0 0 0 0 1 0 0 0]
[0 0 0 0 0 1 0 0]
[0 0 0 0 0 0 1 0]
[0 0 0 0 0 0 0 1]


153
[0 1 0 0 0 0 0 0]
[1 0 0 0 0 0 0 0]
[0 0 0 1 0 0 0 0]
[0 0 1 0 0 0 0 0]
[0 0 0 0 0 1 0 0]
[0 0 0 0 1 0 0 0]
[0 0 0 0 0 0 0 1]
[0 0 0 0 0 0 1 0]


[1 0 0 0 0 0 0 0]
[0 1 0 0 0 0 0 0]
[0 0 1 0 0 0 0 0]
[0 0 0 1 0 0 0 0]
[0 0 0 0 1 0 0 0]
[0 0 0 0 0 1 0 0]
[0 0 0 0 0 0 1 0]
[0 0 0 0 0 0 0 1]


154
[0 1 0 0 0 0 0 0]
[1 1 0 0 0 0 0 0]
[0 0 0 1 0 0 0 0]
[0 0 1 1 0 0 0 0]
[0 0 0 0 0 1 0 0]
[0 0 0 0 1 1 0 0]
[0 0 0 0 0 0 0 1]
[0 0 0 0 0 0 1 1]


[1 0 0 0 0 0 0 0]
[0 1 0 0 0 0 0 0]
[0 0 1 0 0 0 0 0]
[0 0 0 1 0 0 0 0]
[0 0 0 0 1 0 0 0]
[0 0 0 0 0 1 0 0]
[0 0 0 0 0 0 1 0]
[0 0 0 0 0 0 0 1]


155
[1 0 0 0 0 0 0 0]
[0 1 0 0 0 0 0 0]
[0 0 0 1 0 0 0 0]
[0 0 1 0 0 0 0 0]
[0 0 0 0 0 1 0 0]
[0 0 0 0 1 0 0 0]
[0 0 0 0 0 0 0 1]
[0 0 0 0 0 0 1 0]


[1 0 0 0 0 0 0 0]
[0 1 0 0 0 0 0 0]
[0 0 1 0 0 0 0 0]
[0 0 0 1 0 0 0 0]
[0 0 0 0 1 0 0 0]
[0 0 0 0 0 1 0 0]
[0 0 0 0 0 0 1 0]
[0 0 0 0 0 0 0 1]


156
[1 0 0 0 0 0 0 0]
[0 1 0 0 0 0 0 0]
[0 0 1 0 0 0 0 0]
[0 0 0 1 0 0 0 0]
[0 0 0 0 0 1 0 0]
[0 0 0 0 1 0 0 0]
[0 0 0 0 0 0 0 1]
[0 0 0 0 0 0 1 0]


[1 0 0 0 0 0 0 0]
[0 1 0 0 0 0 0 0]
[0 0 1 0 0 0 0 0]
[0 0 0 1 0 0 0 0]
[0 0 0 0 1 0 0 0]
[0 0 0 0 0 1 0 0]
[0 0 0 0 0 0 1 0]
[0 0 0 0 0 0 0 1]


157
[1 0 0 0 0 0 0 0]
[0 1 0 0 0 0 0 0]
[0 0 1 0 0 0 0 0]
[0 0 0 1 0 0 0 0]
[0 0 0 0 1 0 0 0]
[0 0 0 0 0 1 0 0]
[0 0 0 0 0 0 0 1]
[0 0 0 0 0 0 1 0]


[1 0 0 0 0 0 0 0]
[0 1 0 0 0 0 0 0]
[0 0 1 0 0 0 0 0]
[0 0 0 1 0 0 0 0]
[0 0 0 0 1 0 0 0]
[0 0 0 0 0 1 0 0]
[0 0 0 0 0 0 1 0]
[0 0 0 0 0 0 0 1]
